0.032278 -0.138617 -0.107602
0.166640 -0.635007 -0.747273
-0.148990 0.002039 0.057760
-0.033710 -0.111994 0.082258
-0.115338 -0.015235 0.004220
-0.103707 -0.009657 -0.044052
-0.032257 -0.011179 0.041726
-0.028730 -0.028397 0.048106
-0.003765 -0.016570 0.043185
-0.034801 -0.058424 0.056347
-0.046083 0.004993 -0.027311
-0.016471 -0.111075 0.031674
-0.037636 0.030861 -0.051658
0.038123 0.041137 -0.074041
0.090417 -0.035472 0.091529
0.011008 0.021927 -0.062797
0.016025 0.075282 -0.064288
-0.015784 -0.132552 -0.027861
0.036611 -0.055301 -0.005971
-0.008849 -0.035860 0.010897
-0.012363 -0.047521 -0.024553
-0.026106 -0.118834 -0.069673
-0.005521 -0.072057 -0.030932
0.016950 0.091082 -0.109607
0.188016 0.131686 -0.060126
0.028599 0.028765 -0.060460
0.054686 0.030135 -0.019908
0.137129 -0.030983 0.007316
0.032654 -0.063195 0.031033
0.072624 0.056596 -0.109429
-0.027709 0.021305 -0.099248
0.012797 0.008297 -0.016025
0.039101 0.034205 -0.020942
0.030830 0.022884 -0.032195
0.015095 0.016441 -0.040107
0.027286 0.012860 -0.018264
0.000024 0.014046 -0.032310
0.019436 0.026893 -0.030711
0.116583 -0.056705 -0.042299
0.027232 0.024104 -0.030679
0.071658 0.073841 -0.070371
-0.009071 -0.027428 0.089578
0.006881 -0.039072 -0.003045
-0.223648 0.097832 0.228344
0.094154 -0.011521 0.004835
0.012266 0.025829 -0.079056
-0.004179 -0.011773 -0.057066
0.010690 0.010149 -0.002693
-0.002114 0.018775 -0.013231
-0.015653 -0.022571 -0.002748
-0.011141 -0.007340 -0.003331
0.019383 -0.023753 -0.006026
0.121776 0.079623 -0.027748
0.033464 -0.047663 0.008251
-0.219703 -0.029318 -0.091388
-0.245689 -0.097043 -0.032990
-0.213794 -0.117983 -0.133294
-0.205920 -0.105549 -0.140941
-0.115308 -0.018402 -0.019844
-0.220429 -0.011806 -0.017661
0.112796 0.039309 0.061273
0.041370 -0.035809 0.033762
-0.051344 -0.034353 0.010813
-0.114583 -0.070353 -0.042425
0.021257 0.029180 -0.022455
0.076767 -0.044646 -0.124212
0.066357 -0.009583 0.123864
0.028140 -0.037903 0.000699
0.006834 -0.007793 -0.023099
-0.000992 0.009977 -0.012242
0.015737 -0.016757 0.023866
-0.002698 -0.013023 -0.002476
0.013484 -0.021409 -0.041377
0.017187 -0.065718 -0.025694
-0.038167 -0.101396 -0.031863
-0.037808 0.034771 -0.000311
0.024086 -0.004631 -0.024754
-0.156448 0.151487 -0.103541
-0.677250 0.640115 -0.362126
-0.111730 0.097786 -0.061913
0.050052 0.044497 0.039114
0.047431 0.033402 0.025628
0.028513 -0.014608 -0.030125
-0.022022 -0.045020 0.030154
0.028469 -0.004823 -0.061288
0.030686 -0.138495 -0.136486
-0.044179 -0.006956 0.035674
-0.069515 -0.024704 0.040362
-0.086888 -0.054911 0.018122
-0.067832 -0.031144 -0.013033
0.014107 -0.020219 -0.001856
0.005707 -0.016917 0.000313
-0.006597 -0.045151 -0.021143
0.082079 0.047692 -0.025608
0.051468 -0.073370 0.029896
0.083609 -0.136659 0.105043
-0.070033 -0.044157 -0.105388
-0.005392 0.087831 -0.042564
-0.018714 0.075128 -0.041411
-0.010198 0.076761 -0.049279
-0.006198 0.160388 -0.041348
-0.035392 0.033545 -0.068733
-0.072323 0.025989 -0.006581
0.045879 -0.046963 -0.000578
0.070906 -0.019482 -0.006961
0.048463 0.020363 0.027510
0.027013 -0.010888 -0.092468
-0.041013 0.044237 -0.022902
0.026242 -0.004978 -0.011111
-0.017102 -0.021505 -0.031211
0.022651 -0.004285 -0.014562
0.027249 -0.004405 -0.011423
0.031101 -0.044580 -0.015256
0.079609 0.048243 0.027986
0.011961 0.065457 -0.049888
-0.019484 -0.005549 -0.026142
-0.030742 0.001416 0.082750
-0.005969 -0.001962 -0.028478
-0.019869 -0.020718 -0.015639
0.045683 0.031631 0.052530
-0.006038 -0.036613 -0.020952
0.047103 0.010083 -0.026139
0.175899 -0.106415 0.025264
-0.040503 -0.033276 0.162067
0.007718 0.068573 -0.045389
-0.017444 0.067309 -0.037481
-0.254543 -0.008127 -0.033032
0.082664 -0.202325 -0.064530
0.108715 -0.073234 -0.009077
0.100152 -0.044136 0.007464
0.986434 -0.024608 -0.165407
-0.213036 -0.107527 -0.139832
-0.154146 -0.027773 -0.071819
0.055427 -0.009163 -0.060035
-0.189483 0.115877 -0.047240
-0.029164 0.020711 0.005911
-0.002093 0.006707 0.011448
-0.070907 -0.087308 0.047686
-0.117901 -0.045510 -0.028270
0.128633 0.046009 -0.152605
0.122244 0.036950 -0.143027
0.032591 0.046483 0.068695
0.029787 -0.047181 -0.022009
0.014534 -0.006447 -0.002154
0.015866 -0.041623 -0.001517
0.068784 -0.020149 0.051104
0.055556 -0.147591 -0.124960
0.025928 -0.097470 -0.111385
0.209955 -0.017512 0.024159
-0.071368 -0.091026 0.032814
0.068582 -0.055310 0.018373
0.014384 0.016962 0.001897
-0.016885 -0.014834 -0.019181
0.041108 0.011683 0.094282
-0.016547 -0.021174 -0.012892
0.050919 -0.017578 -0.153838
0.077520 -0.043934 0.023429
0.113657 0.079667 0.129504
0.006600 -0.193369 0.032734
-0.128555 -0.033177 0.103923
0.013167 0.008751 -0.018729
-0.008980 -0.039557 0.020927
-0.031232 -0.060175 0.029508
0.074076 0.085874 -0.003374
0.001844 -0.001240 -0.048568
-0.001985 0.012313 0.008486
0.103617 -0.015693 -0.028759
0.137939 -0.037249 0.113516
0.019485 -0.093507 -0.015592
-0.025059 -0.012824 0.060001
-0.040194 0.000076 0.073313
0.012379 0.016328 0.002195
0.125959 -0.011119 0.066558
-0.040577 -0.002685 -0.029197
-0.105193 -0.086905 -0.019225
-0.155398 -0.189488 -0.165680
0.097644 -0.063070 -0.135693
0.046967 -0.177104 -0.038074
-0.093360 -0.085210 0.014787
0.103224 -0.120170 0.092540
0.090716 0.021892 0.105719
0.130091 0.024857 0.062288
0.114211 0.062700 0.059587
-0.016719 -0.082213 0.018055
0.018405 -0.080676 0.069368
-0.070514 0.288566 -0.047651
0.013821 -0.003883 -0.018493
0.031175 -0.092237 -0.097141
0.013950 -0.033212 -0.024417
0.088610 -0.082208 -0.102286
0.016521 -0.031346 -0.005259
0.100191 0.004592 0.021320
-0.243682 0.101718 0.000949
-0.134817 -0.017069 -0.034125
-0.249240 0.000755 -0.030639
-0.221644 -0.000207 -0.025368
0.086339 -0.157297 0.120823
0.051565 -0.051949 0.020152
0.074205 -0.131210 0.100867
0.054890 -0.184420 0.130199
0.028117 -0.058206 -0.010076
0.062103 -0.123238 0.077283
0.024145 -0.028076 0.011334
0.287770 -0.736752 0.615439
0.088054 -0.156445 0.123241
0.030010 -0.006261 0.003358
0.007299 -0.102247 0.148155
0.026508 -0.055721 0.037665
-0.112888 -0.032363 -0.041009
-0.032002 -0.071747 0.008396
-0.036067 -0.043941 -0.002247
-0.124803 -0.067661 -0.086472
0.037127 0.009222 -0.042278
0.009492 -0.039490 0.035324
0.036246 -0.050875 0.015002
-0.033120 -0.131576 -0.036687
0.023920 0.012347 -0.069112
-0.020436 -0.008185 -0.004796
-0.047743 -0.146325 -0.026632
0.000489 0.068603 -0.000376
0.022354 -0.049943 -0.019745
0.075846 -0.103118 0.006845
-0.035028 -0.113533 0.038311
0.047266 -0.031767 0.075106
0.155132 -0.156664 0.057807
0.027844 -0.155482 -0.167209
-0.061302 -0.106626 0.020148
-0.619276 -0.670126 0.405267
0.056340 -0.013516 0.077595
0.015526 -0.015576 -0.012556
-0.015677 -0.018035 -0.018206
0.027599 -0.090082 0.057152
0.039506 -0.097976 -0.000719
-0.020813 -0.020916 -0.037593
0.067818 -0.082450 0.014454
-0.187801 -0.151625 0.073037
-0.144903 -0.103149 0.045593
-0.174821 -0.128902 0.074982
-0.028568 -0.152470 -0.000693
0.783118 -0.471035 0.415433
-0.070313 -0.090184 0.002597
-0.037149 -0.079982 0.027529
0.018283 -0.199653 0.036025
-0.044550 -0.144916 0.083921
-0.046639 -0.077080 0.004956
0.004534 -0.003364 -0.005081
0.018755 -0.025336 0.069568
-0.016008 -0.036092 0.032345
-0.005149 -0.046509 -0.017563
-0.034639 -0.028339 0.047805
0.080345 -0.127831 -0.105443
-0.009050 0.015156 0.024630
-0.101018 -0.032602 -0.013055
-0.122930 -0.120124 0.089114
-0.043805 -0.098349 -0.034429
-0.125356 -0.070763 -0.114767
-0.007086 -0.015741 -0.005369
0.266271 -0.032168 -0.029658
0.005453 0.024776 0.025591
-0.033051 -0.030391 -0.039898
-0.007411 -0.011505 -0.039759
-0.064205 0.124556 -0.068195
0.096004 -0.107072 -0.181297
0.015393 -0.103689 -0.005309
-0.032563 -0.154408 0.047165
-0.028813 -0.169213 0.051218
-0.020590 -0.188160 0.057502
-0.020668 -0.097220 0.025920
0.035547 -0.085496 -0.042085
0.084200 -0.040729 -0.038603
0.056364 -0.070388 0.025342
-0.086030 -0.027239 -0.033069
-0.086367 -0.018007 0.044734
0.119634 0.034264 -0.147334
0.050154 -0.008435 -0.092372
0.097192 -0.137271 0.067409
0.142385 -0.027204 -0.015448
0.169356 -0.033080 0.223754
0.165965 -0.108765 0.038523
-0.003867 0.005140 0.001959
0.022236 -0.089611 0.093142
-0.190643 -0.085667 0.010548
-0.050443 0.038957 -0.019497
0.012635 -0.026290 -0.040333
0.105854 -0.137832 -0.053625
-0.159234 -0.055218 0.051309
-0.140899 -0.162936 0.010155
0.023544 -0.043921 0.000971
-0.012848 -0.098732 0.129208
-0.430585 0.602137 0.686371
0.037639 -0.028840 0.056180
0.091486 -0.152016 0.099845
0.045195 -0.042444 -0.006161
-0.012682 -0.035534 0.056513
0.105888 -0.175312 0.147954
0.050856 0.043636 0.069726
0.096252 -0.140592 0.139803
-0.004518 -0.080056 -0.015697
0.001913 -0.055141 0.007621
0.026612 -0.130267 0.152484
0.012351 0.008416 -0.013469
0.051744 -0.040018 -0.016751
-0.060896 -0.029564 0.017044
-0.133044 -0.029140 0.074723
-0.105962 -0.017752 0.000795
-0.222639 -0.090486 -0.100644
-0.014716 -0.007073 -0.013799
0.001454 -0.072662 -0.026958
-0.068270 -0.091713 -0.118992
-0.001083 -0.070867 -0.026667
-0.084553 -0.016694 -0.182417
-0.005948 -0.066973 -0.037435
0.014235 -0.075989 -0.048130
0.043554 -0.097135 -0.028908
-0.042729 -0.021307 -0.118054
-0.712778 -0.364642 0.609231
0.106597 -0.129614 0.032121
0.029892 -0.169420 -0.161487
0.008260 -0.004086 -0.014043
-0.821183 -0.437332 0.373052
-0.065264 -0.015471 -0.106836
0.073931 0.040640 -0.044002
0.095411 0.084457 -0.220589
-0.053549 0.067155 -0.022517
-0.048589 -0.041929 0.066014
-0.029127 -0.009945 -0.050582
-0.025642 -0.007321 -0.046044
-0.165723 -0.031818 -0.048008
0.019487 -0.024105 -0.024499
0.061549 0.013944 -0.042045
-0.004059 -0.022867 0.004592
-0.067981 0.016467 -0.163812
-0.115527 0.025437 0.140081
0.045276 0.031175 0.051560
0.076144 0.021613 -0.106423
0.207204 0.024741 -0.133399
0.001447 -0.010855 0.023105
-0.027337 0.009700 -0.006222
-0.067787 0.010827 -0.005075
-0.022603 0.002687 0.102774
-0.086356 0.112804 -0.074915
0.009598 -0.099717 -0.005095
0.101036 -0.052609 0.148520
0.053303 -0.006679 0.034263
-0.001964 -0.161887 -0.152995
0.191426 -0.024107 -0.006022
0.035476 -0.032524 0.040713
0.070265 -0.020262 0.003779
0.095529 0.013255 0.063534
0.153818 -0.033098 -0.146064
-0.015309 0.074986 0.183952
0.080023 -0.124353 0.053820
-0.023707 -0.131733 -0.075093
0.005633 0.274768 -0.042931
-0.023554 0.146383 -0.041901
-0.111713 -0.075703 -0.014133
0.015367 0.010482 -0.022668
0.021673 -0.020014 -0.020569
0.029536 0.075131 0.058353
-0.017445 -0.048763 0.056994
-0.032490 -0.045876 0.027760
0.006180 0.011781 -0.004827
0.001081 -0.016459 0.005785
0.047209 0.062327 0.050842
-0.021492 -0.066908 -0.044420
0.008789 -0.045569 0.023145
-0.044533 -0.021801 -0.095480
-0.044079 0.028933 0.065840
0.061634 -0.107505 -0.089684
-0.310225 -0.027828 0.178337
0.032947 -0.000319 0.004976
-0.025461 0.002320 -0.011751
-0.038234 0.118308 0.116076
0.082547 -0.065101 0.043998
-0.136302 0.070936 0.148146
0.058927 -0.062887 0.062262
0.105250 -0.035394 0.133493
0.055747 -0.013631 0.076616
0.075968 -0.035710 0.058166
0.075716 0.074937 0.125699
0.106080 -0.032674 -0.073878
0.102569 -0.130763 0.157940
0.519414 0.368315 0.778859
0.638119 0.410333 0.661991
0.526253 0.735979 0.430393
0.060618 -0.021844 0.028387
0.575022 -0.610008 0.553608
0.085644 0.069795 -0.051162
0.266494 0.084509 0.072652
-0.039105 -0.004112 -0.096547
0.100145 0.056313 0.055424
0.083543 -0.017279 -0.021049
0.049997 -0.039263 0.015194
0.069006 -0.016344 0.091682
-0.016803 -0.006904 -0.092612
0.048674 -0.016250 0.025795
0.076120 0.075533 0.126455
0.057878 -0.031879 0.024606
-0.568040 0.553446 0.626771
0.073078 -0.065214 0.032178
-0.011703 -0.029323 -0.026613
0.012132 0.063382 0.051292
0.611642 -0.001777 -0.782555
0.079761 -0.062802 0.012562
-0.114966 0.094372 -0.068412
-0.050217 0.021230 -0.022529
-0.143631 0.066782 0.162963
-0.125738 0.075723 0.165897
0.000373 0.026731 0.011961
-0.023996 0.029228 -0.067885
-0.024060 -0.046935 -0.006004
-0.115860 0.048090 -0.039141
-0.176027 -0.011416 -0.023923
0.059541 -0.059636 -0.015162
0.161481 0.144723 0.112076
-0.074467 -0.008106 -0.004187
-0.166627 -0.031677 -0.048688
0.045002 -0.050880 0.067065
0.019819 -0.026961 0.003862
-0.065718 0.035444 -0.004327
-0.045865 -0.019847 -0.077792
-0.004754 -0.041575 0.018543
0.089842 0.004158 -0.087477
-0.004158 0.002961 -0.015279
-0.053565 0.022291 -0.036598
0.066741 0.040372 0.107162
0.141245 -0.027189 -0.015306
-0.019399 0.016478 0.005364
-0.045111 0.090523 -0.194501
0.048743 0.035550 -0.093198
0.001689 -0.039913 0.000109
-0.003595 0.020208 0.012885
-0.021433 -0.007811 -0.004559
-0.002668 -0.006878 0.032147
0.009245 -0.040267 0.058829
0.018472 -0.104699 -0.032124
-0.176369 0.619839 -0.765397
-0.039912 0.102240 -0.086074
-0.049407 0.055901 0.011715
0.342677 -0.539248 -0.766644
0.011259 -0.044768 -0.004419
0.056163 0.095297 0.072642
-0.010760 0.038981 -0.039984
0.018300 0.009385 -0.013903
0.008917 -0.002720 -0.010454
-0.130573 0.017474 -0.155664
0.045814 0.023683 -0.097973
-0.051529 0.075987 -0.179149
0.027850 0.020450 -0.078254
-0.063645 0.797927 -0.607027
0.046836 -0.075772 -0.063204
0.008785 -0.044787 0.022298
-0.070085 -0.077731 0.127849
-0.128237 -0.110771 -0.011271
0.012100 -0.022012 -0.045223
-0.024364 0.007025 0.011368
-0.014497 0.025246 -0.022504
0.061484 -0.054209 0.011513
-0.014642 -0.123256 -0.077826
0.020713 -0.125556 -0.100484
-0.009533 -0.026740 0.003144
0.153259 0.045473 -0.167488
-0.022454 0.097718 0.053201
-0.022657 0.098659 0.053689
-0.006526 -0.016780 -0.003818
-0.000413 -0.066600 -0.006100
-0.009171 -0.136378 0.135422
0.013355 -0.040480 -0.034457
0.321569 0.149071 0.938412
-0.020888 -0.020359 -0.000908
-0.094408 0.152688 -0.077193
-0.208644 -0.135516 0.000848
-0.854761 -0.518879 -0.000776
0.009391 0.003673 -0.070218
0.004137 -0.009928 -0.017678
0.608012 -0.482410 0.643178
0.017669 -0.027271 -0.016485
0.029085 -0.021440 0.039878
0.022587 -0.004890 -0.008580
0.521120 -0.689917 0.499594
0.011791 -0.023346 -0.014334
-0.214265 -0.009884 -0.023869
-0.046334 0.167041 -0.020000
-0.030953 0.006076 -0.093965
0.012269 -0.025072 0.024478
0.024457 -0.015342 0.008799
0.005217 -0.020688 -0.005709
0.159725 -0.036847 -0.121623
0.027946 -0.041438 0.028969
0.014715 0.108441 -0.082112
0.012560 -0.019614 -0.008918
-0.024318 -0.014387 0.024421
0.001034 -0.003174 -0.016449
0.038846 -0.036457 0.009920
0.046436 0.026045 -0.043219
0.014431 -0.071561 0.031845
0.032091 -0.056291 0.008153
-0.197012 0.167430 -0.103477
0.005064 -0.129504 0.016914
-0.080979 0.025311 0.121581
-0.030844 -0.006091 0.066696
0.013429 0.009741 -0.019315
-0.149375 0.066674 0.164444
0.045656 -0.001379 0.009197
0.058461 -0.118876 0.039325
-0.728863 0.332533 0.611056
0.044077 0.059042 -0.024706
-0.007661 -0.111186 -0.022339
0.019455 -0.027132 -0.001753
0.061358 0.105098 -0.022197
-0.018062 -0.039897 0.029690
-0.197854 0.086741 0.022978
0.001195 -0.027166 -0.061351
-0.012420 -0.026565 -0.003553
0.015987 -0.010996 -0.005375
0.066974 -0.057077 0.024011
0.124800 -0.019995 0.004488
-0.121327 0.062077 0.000004
0.023918 0.076543 -0.082903
-0.175937 -0.185339 0.111290
-0.126010 -0.146497 -0.000718
-0.243311 0.069502 -0.141316
-0.017169 -0.042409 0.081884
0.010187 -0.046559 0.052340
0.013792 -0.021403 -0.042462
0.033482 0.004796 0.155859
0.191774 -0.023070 0.030610
-0.009350 0.010225 -0.017275
-0.026693 -0.017539 -0.026300
0.019395 -0.038580 0.051180
-0.012130 -0.041258 0.002894
-0.127477 0.105471 -0.056611
-0.434051 -0.559759 -0.702194
0.043417 -0.001788 -0.030549
0.015419 -0.030330 -0.008806
-0.105799 0.062174 -0.052513
0.018320 -0.045740 -0.015210
-0.101167 -0.083124 0.039782
-0.073055 -0.013059 -0.034301
-0.303061 0.241187 -0.150371
0.055685 -0.014603 -0.020864
-0.084272 0.024259 -0.188696
0.049249 -0.040118 0.007940
0.023501 0.099356 -0.077993
0.040658 -0.036624 -0.014972
-0.088585 0.143531 -0.142688
-0.043094 -0.099688 -0.013267
0.007062 0.015090 -0.001072
-0.048578 -0.095589 -0.047676
0.085049 -0.016448 -0.062046
0.020283 -0.032151 -0.013330
0.000132 -0.031978 -0.000108
-0.156934 -0.189491 0.002158
-0.094512 0.087054 -0.026429
-0.104902 0.086578 -0.078173
0.020191 -0.080186 0.039222
-0.012402 -0.000808 -0.003658
0.006330 -0.020390 -0.030344
0.058906 -0.044822 -0.019025
0.083065 -0.249320 -0.135646
0.157275 -0.111114 -0.052799
0.526564 -0.441177 0.732398
0.029790 -0.025814 -0.013191
-0.079561 -0.046227 0.159718
-0.061461 -0.068340 0.115078
-0.052986 -0.341057 0.051565
-0.057796 -0.001145 0.069802
0.038967 -0.028800 0.058109
0.200362 -0.106976 -0.126904
-0.052534 0.074828 -0.056836
-0.041781 -0.043778 0.029900
-0.097548 -0.545277 0.839074
0.080718 -0.029393 0.065430
0.008947 -0.014962 0.046137
-0.437470 -0.778144 0.448736
-0.615170 0.124639 0.788469
0.771053 0.476005 -0.419868
-0.168534 0.151098 0.144894
-0.617923 0.788803 0.068605
0.041509 0.017300 -0.083128
0.600488 0.554246 0.586639
-0.108167 0.079634 -0.095705
0.028420 -0.032397 -0.028871
-0.837496 0.163839 -0.517032
-0.660923 -0.165873 0.741562
0.041090 -0.045654 -0.000589
-0.971335 0.230581 -0.036854
-0.155302 -0.039145 0.019946
-0.001107 0.013971 -0.016991
-0.006451 -0.033752 -0.020332
0.026281 -0.000290 -0.004066
-0.006880 -0.031265 -0.015409
0.045640 0.049232 -0.089096
0.046155 -0.027732 0.033625
-0.129038 0.688083 0.715845
0.864210 0.411216 0.300366
-0.028045 -0.047089 -0.031250
-0.056189 -0.048263 0.007353
-0.122868 0.081451 -0.047277
-0.083638 -0.050548 -0.008856
0.040615 0.000648 0.014203
-0.021202 -0.019230 -0.024938
0.016596 -0.044447 -0.011210
-0.766203 0.425418 0.490964
-0.412181 -0.683842 -0.599527
0.836314 -0.137377 0.538382
0.309385 -0.165772 -0.928322
-0.026423 -0.059118 0.003463
-0.038987 -0.203365 0.075139
0.080215 0.076546 -0.079693
-0.207878 -0.168374 -0.026144
0.017695 -0.048760 -0.021965
-0.037051 0.015360 -0.012269
-0.019929 -0.040747 0.012576
0.027311 -0.010817 -0.093525
-0.020130 -0.022613 -0.025734
0.058461 -0.238731 -0.288023
-0.067380 0.085620 -0.055293
-0.066843 0.084804 -0.054918
-0.125499 -0.061312 -0.050365
0.037720 -0.029080 0.057294
0.167747 0.143299 0.057472
-0.742840 -0.419483 -0.521217
0.023485 -0.027833 0.010569
0.038533 0.041878 -0.074874
0.233815 0.958761 0.147961
-0.630669 0.364615 0.685978
0.000857 -0.031074 -0.017708
-0.558136 0.017946 -0.827998
0.107322 -0.130373 0.032290
-0.798941 -0.009182 0.606493
-0.764497 0.225464 0.607026
0.070624 -0.015120 0.043107
0.432334 0.265116 -0.860994
-0.147187 -0.065544 0.005101
-0.146226 -0.065279 0.004989
-0.474385 -0.776945 -0.399619
0.536934 0.842777 -0.122857
0.052685 -0.101378 -0.116561
0.564869 -0.568859 -0.579466
-0.037270 0.122807 -0.042426
0.165962 -0.135361 -0.182798
-0.002341 -0.010498 -0.045435
-0.009052 -0.002178 -0.007494
0.042283 -0.017751 -0.007085
-0.009698 -0.042983 0.005915
-0.028572 -0.615386 -0.783560
-0.004203 -0.050710 -0.037036
0.956732 0.266408 -0.092859
0.138807 0.206554 0.163326
-0.033434 -0.132605 -0.037073
-0.051988 -0.011355 -0.003741
0.018617 0.026082 -0.002268
0.670612 -0.724458 -0.139779
0.018168 -0.011960 -0.016597
-0.010560 0.004565 0.027268
-0.263395 -0.608775 -0.746198
0.891152 -0.437375 0.101622
-0.276106 0.920423 -0.289499
-0.079043 0.778454 0.634286
-0.706068 0.710357 0.038924
-0.109933 0.011902 0.090343
-0.018997 0.036625 -0.035182
0.026914 -0.007625 0.021541
0.047247 -0.017099 -0.010531
-0.087969 -0.051137 -0.020124
-0.020819 -0.012545 0.045384
0.037633 -0.006824 0.002893
-0.588418 0.808662 -0.034008
-0.040454 -0.051806 -0.028310
-0.651782 -0.515685 0.566948
0.010659 -0.008502 -0.021863
0.021469 -0.000914 -0.002725
0.014539 -0.072574 0.032508
-0.021314 -0.076207 0.020917
-0.329161 0.421297 0.854574
-0.519418 0.455289 -0.719495
0.079551 0.114465 0.995500
0.028286 0.000592 -0.035021
0.001378 0.020008 0.010965
0.932960 0.328568 0.149269
-0.123696 0.079644 0.061744
-0.851236 0.494038 0.192266
-0.996987 0.017879 0.059709
-0.439057 0.757402 0.502048
-0.123580 -0.047495 -0.028057
-0.024911 -0.014152 -0.038541
0.042303 0.998102 -0.064925
-0.750514 0.552061 -0.371538
0.074570 -0.131937 0.101566
-0.008842 -0.039736 -0.044729
0.461760 0.667189 0.600551
0.506992 -0.057331 -0.054119
0.418060 -0.675446 -0.606431
-0.007601 -0.055486 -0.022417
-0.144305 -0.175107 0.083811
-0.023808 -0.107457 -0.005173
-0.104844 -0.009225 -0.043946
-0.164556 -0.044825 -0.047980
0.016705 0.019889 0.047899
-0.004540 -0.044471 0.052101
0.387360 0.853288 -0.351371
0.547467 0.790746 -0.290376
0.790259 -0.444549 -0.423522
-0.506264 0.812033 0.310018
0.047342 -0.076400 -0.063932
0.022237 -0.056618 0.067869
-0.013746 -0.026115 0.024719
-0.029841 0.098541 -0.031355
-0.520568 0.854526 -0.077792
0.021757 -0.040163 0.017838
0.049547 0.523921 0.857524
-0.732338 0.456667 -0.508093
0.054435 0.069276 0.001773
0.028914 -0.014791 0.020904
-0.019261 -0.083243 -0.047163
-0.104859 -0.010032 -0.044304
0.004042 -0.083357 -0.074707
-0.729269 -0.303574 -0.610085
0.083355 0.001638 0.061557
-0.034741 -0.200807 0.075201
0.016169 -0.015467 -0.013143
0.257535 -0.836141 0.480901
-0.037182 -0.031069 -0.020671
-0.528318 0.782301 -0.338238
0.041778 0.019111 0.010869
0.041428 -0.152857 -0.167065
-0.023027 -0.018182 -0.028774
-0.075342 -0.060522 -0.057775
0.467375 0.806961 0.373000
0.058105 0.023480 0.195269
0.084727 -0.986166 -0.094027
-0.095734 0.980607 0.189489
-0.083219 0.002210 -0.044321
0.039631 -0.157858 -0.072882
0.085244 -0.041024 -0.039086
0.045721 0.032118 0.052032
-0.087012 -0.027305 -0.033476
-0.283596 -0.008088 -0.030162
-0.264760 0.719318 -0.645326
0.020246 -0.023914 -0.006114
0.091754 -0.123996 -0.006448
0.065433 -0.013265 -0.061162
-0.007140 0.020029 0.000574
0.658125 0.717044 0.256964
0.018128 -0.053562 -0.037582
-0.798420 -0.248439 0.553663
0.013673 -0.009491 -0.015777
0.004879 -0.003525 0.006883
0.643600 0.356560 -0.676540
-0.087857 -0.055303 0.018490
0.036373 -0.039802 0.012482
-0.033605 -0.158492 -0.975935
-0.051430 0.036471 0.094878
-0.039064 -0.229080 0.038068
-0.125565 -0.068009 -0.087095
-0.088828 -0.152171 0.050429
-0.522384 0.150270 0.837477
0.042097 -0.036092 0.034608
0.020824 -0.126313 -0.101205
0.070713 -0.024271 -0.072578
-0.809801 -0.492402 -0.316478
0.989039 -0.137865 0.061864
-0.104471 -0.008943 -0.044682
-0.457034 0.165874 -0.872109
0.009291 -0.032934 0.056016
-0.171166 0.096698 -0.094254
0.200069 0.289923 -0.927110
-0.034687 0.089632 -0.048851
0.240887 -0.887338 -0.378080
0.025048 1.000000 0.072986
0.276339 0.830381 -0.494411
-0.939257 -0.233190 -0.224209
-0.051087 0.021969 -0.022779
0.251757 -0.285664 0.926339
0.572288 0.565983 -0.602354
0.291068 -0.095563 0.006241
-0.223810 0.095488 -0.098929
-0.010918 -0.031854 -0.096688
0.028880 -0.000475 0.025244
0.446906 -0.570662 -0.686498
-0.226778 0.918208 0.343227
0.767997 -0.378965 0.509205
-0.007986 -0.002898 -0.040137
0.188398 0.865566 0.476741
-0.505956 0.633303 -0.593335
-0.040969 -0.056287 0.051881
-0.474048 -0.870165 -0.023697
0.004048 -0.084095 -0.075607
-0.003985 -0.086300 -0.007803
0.041624 -0.037034 -0.015461
0.000954 -0.010552 -0.001186
-0.397334 0.918474 -0.019729
0.031774 -0.091060 0.063972
0.943713 -0.000701 -0.327117
0.378702 -0.553990 0.735188
0.623747 0.721481 -0.297177
0.339453 -0.092922 0.233732
0.765112 -0.175270 -0.617080
0.003006 -0.021084 -0.116121
-0.015500 0.089296 -0.027959
-0.612452 0.689988 0.388101
0.051879 -0.016651 0.026203
-0.093274 0.051786 -0.213871
-0.102394 -0.987645 0.083087
0.724822 -0.036171 -0.689392
-0.114080 -0.042994 0.009064
-0.848588 0.535085 0.023849
-0.230351 0.804681 -0.552525
-0.130522 -0.047387 -0.028408
-0.021532 -0.056286 0.021933
-0.091723 0.072253 -0.049229
-0.062806 -0.017292 -0.042196
0.056673 -0.039280 0.004985
0.035824 -0.019569 -0.066179
-0.104523 -0.051380 -0.031709
-0.087220 0.001182 0.268247
0.053868 -0.046865 0.004596
0.009536 -0.032288 -0.005855
0.778425 0.179741 -0.588356
0.028392 -0.001105 0.024386
0.043650 0.047327 -0.011059
0.049974 -0.005243 0.062474
-0.052987 -0.025035 0.011163
0.101406 0.004710 0.021325
-0.016030 -0.006211 -0.014154
-0.284621 0.040660 -0.032972
0.498542 0.737315 -0.468073
0.105865 0.133585 -0.066886
0.135654 -0.340405 0.266078
-0.475896 -0.546278 0.689662
-0.954115 0.266779 0.078083
-0.263595 0.012207 -0.017025
-0.013391 -0.021405 0.005606
0.121840 0.899207 -0.428867
0.097755 -0.138034 0.067835
0.010173 -0.047018 0.053376
-0.041606 0.045192 -0.023074
0.007806 0.069588 -0.045796
0.101134 0.005183 0.021792
0.063322 -0.034859 -0.012689
0.066501 -0.059619 0.024581
-0.352340 0.665527 -0.665517
0.038381 -0.028778 0.056998
0.056173 -0.009031 -0.060896
-0.089668 -0.034230 -0.016620
0.829066 -0.136366 0.533701
0.027992 0.012433 -0.012960
-0.701393 0.045742 -0.710138
-0.194274 -0.021766 -0.975446
-0.293751 -0.654146 0.698950
0.046932 -0.008898 0.264996
-0.075556 -0.007836 -0.004020
0.009665 0.853090 0.529793
-0.772262 -0.625304 -0.110602
0.031703 -0.059895 -0.007872
-0.003857 -0.030495 0.024013
0.963090 -0.265458 0.000827
-0.015416 -0.006765 -0.014391
-0.092767 -0.035846 -0.101295
-0.036572 0.008094 0.075838
-0.300215 0.558308 0.773280
-0.851156 0.379749 -0.364575
-0.206562 -0.105825 -0.141480
0.068848 0.231833 -0.964452
-0.174862 -0.044499 -0.040238
0.050573 0.045359 0.039637
-0.828807 0.530510 -0.190562
-0.776377 0.100163 -0.624510
0.099867 -0.042444 0.076463
0.583708 -0.721744 -0.370313
0.491918 -0.231652 -0.834613
0.010445 -0.032461 -0.022651
-0.245451 0.613552 0.759781
-0.106580 0.984024 -0.161223
-0.040742 0.000383 0.074223
-0.155806 -0.356469 0.917326
-0.002792 -0.034910 0.035561
0.067420 0.026674 -0.044741
0.018408 -0.200658 0.036223
-0.092516 -0.049926 -0.015481
0.296709 -0.919398 -0.241943
0.988258 0.155782 -0.025003
0.027109 0.005803 0.018274
-0.238335 -0.794288 0.560093
-0.019205 -0.058240 -0.065481
-0.049076 -0.024078 -0.042649
-0.013307 -0.051209 -0.040448
0.204553 -0.334389 -0.913139
0.007421 -0.016470 0.014757
0.473397 -0.110003 0.873603
-0.027366 0.007874 -0.019993
-0.004490 -0.005542 -0.017430
0.009786 -0.364349 0.932600
-0.967784 -0.087316 -0.232618
0.031542 0.013021 0.016148
-0.028750 -0.018188 -0.007074
0.175866 -0.981058 0.016476
-0.114877 -0.013942 -0.021022
-0.356464 0.719297 0.604572
-0.061353 -0.014858 0.214248
-0.071347 -0.088179 0.048206
-0.104434 -0.009745 -0.045018
0.078717 -0.047784 0.049817
-0.310200 -0.113538 -0.940133
0.014369 -0.114778 -0.009891
0.020700 -0.053035 -0.006776
0.077798 -0.047475 0.049137
0.077495 -0.058840 0.038785
0.005255 -0.063239 0.028868
0.438904 0.095009 -0.890454
0.603190 0.691890 0.421449
-0.010565 -0.063425 0.091735
0.205601 0.004656 -0.016263
-0.083942 0.002046 0.213062
0.555697 0.326581 -0.761782
0.812029 0.550892 -0.190120
0.056825 -0.060593 0.022667
0.081998 -0.074273 0.048348
0.038244 0.039095 -0.013258
-0.016495 -0.018114 -0.018772
-0.120615 -0.059002 -0.029922
0.034977 -0.011108 -0.004573
-0.016921 -0.005636 -0.014449
-0.077336 -0.033073 -0.009421
0.026499 -0.002744 0.005307
-0.043604 -0.108633 0.043667
-0.052487 -0.110110 0.044179
0.560432 -0.212270 0.808277
0.077968 0.034792 -0.106430
-0.046923 -0.097603 0.015990
-0.030714 -0.097625 0.043423
-0.037717 0.038279 -0.029145
0.052881 0.020959 -0.102914
0.632591 0.781404 0.067358
-0.011802 0.113814 -0.039409
0.252680 -0.006624 -0.031831
-0.041468 0.074878 -0.043870
0.017989 -0.049658 -0.022663
0.024677 -0.012349 0.089305
0.887168 -0.349176 0.306060
0.089274 -0.082606 -0.102989
0.084051 -0.137362 0.105671
0.051323 0.044394 0.070577
0.004751 -0.002837 0.007681
-0.166821 -0.031951 -0.047987
0.903332 -0.284974 -0.303930
0.062691 0.013348 0.004755
0.157435 -0.156497 0.975810
-0.163910 -0.052819 -0.039796
0.031038 -0.043722 -0.000874
0.054090 -0.011806 0.046006
0.038903 0.011523 0.002377
0.195239 0.076550 -0.003971
-0.020496 0.018675 -0.021262
0.068585 -0.037124 0.007606
0.057759 -0.023767 -0.013799
-0.011644 -0.021764 0.015415
0.030221 0.057538 -0.017155
-0.654896 0.297746 -0.690667
-0.221587 0.869666 -0.444350
-0.554694 -0.463306 0.700453
0.030513 0.058654 -0.017314
-0.136682 -0.100403 0.043350
0.485369 0.508076 -0.709878
0.860323 0.266949 -0.431464
-0.149591 -0.760856 -0.626120
0.504258 -0.857099 -0.089843
0.046788 -0.586932 0.814473
0.039896 0.012246 0.023580
0.031245 -0.058306 0.000584
0.003379 -0.017806 0.119513
0.430966 0.901526 -0.085526
-0.609502 -0.294764 0.734337
0.032769 -0.052941 0.026188
0.480841 0.505782 0.730783
0.020482 0.002172 0.001180
0.358702 -0.912426 0.181489
-0.032901 -0.000268 0.108533
0.070240 -0.241537 -0.247296
-0.154376 0.079408 0.196475
0.005917 0.006568 -0.001639
-0.071783 -0.087615 0.048319
0.731517 0.604536 0.336888
0.422261 0.089392 0.907480
0.300154 0.553320 0.785153
-0.408041 0.750438 -0.521492
-0.271383 -0.103027 0.961985
0.740379 0.464712 0.495849
0.062469 0.014464 -0.042656
-0.116658 -0.030420 -0.012025
-0.121347 -0.062461 -0.021367
0.101281 -0.044385 0.007523
0.888963 0.033305 -0.456828
0.414829 0.899618 0.158527
-0.715979 0.446540 -0.496588
-0.038188 0.031550 -0.052325
0.900833 0.361098 -0.231756
-0.564798 0.688753 -0.462305
0.069632 -0.020055 0.051855
0.056536 -0.061803 0.048811
-0.156309 0.012059 -0.041258
0.664140 -0.690470 0.296224
0.005391 0.025806 0.026329
-0.831015 -0.310154 0.453583
