-0.260632 0.057497 0.210925
0.091513 -0.319626 0.344746
0.327089 -0.086319 -0.453361
0.329607 -0.029304 -0.261510
0.205965 -0.069114 -0.094378
0.843157 -0.046921 -1.000000
-0.076748 -0.068353 0.157069
-0.237323 -0.000221 0.049859
-0.075560 0.133177 -0.091419
-0.054696 -0.110517 0.218034
-0.018937 0.086117 0.066022
0.099624 0.000587 0.164410
0.250345 -0.015836 -0.287362
0.004540 -0.179425 0.186039
-0.358313 0.272638 0.261600
-0.383769 0.210748 0.240831
-0.002068 0.422416 0.026214
0.099934 -0.017944 0.022490
0.069170 -0.086364 0.141647
-0.215435 -0.078336 0.019782
0.615130 -0.232392 -0.114354
-0.044478 0.141458 0.142489
-0.070664 0.228963 -0.058549
-0.248579 0.094299 0.163663
0.126957 0.007930 -0.426061
0.271374 -0.013618 -0.161516
0.204093 -0.165089 -0.268366
0.282846 -0.034440 -0.194110
0.213314 -0.110529 -0.158139
-0.247712 -0.685900 0.489624
0.019844 0.082584 0.194461
-0.134065 0.176080 0.049186
-0.229526 0.209128 0.046741
-0.140811 -0.367636 0.281742
-0.247719 0.124455 0.136386
-0.004785 -0.044316 0.228858
0.405989 0.034573 -0.393925
-0.152825 0.278794 -0.023819
-0.029839 0.086495 -0.325467
-0.215438 0.223090 0.064405
0.279491 -0.211579 -0.017987
-0.205431 0.129009 0.289428
-0.125439 0.058095 0.024940
-0.249426 0.168930 0.078160
0.309032 -0.162548 0.008468
-0.240375 0.096380 0.213026
0.550258 0.004452 -0.414427
-0.351639 0.246520 0.294157
0.025552 -0.068173 0.074170
-0.101255 0.117806 0.136797
0.099190 -0.062866 -0.238766
0.164982 0.008703 0.231848
0.042330 -0.005351 0.134692
0.006896 -0.094791 0.111493
0.047097 0.004625 0.226382
0.022148 0.024254 0.177915
0.037239 -0.073139 0.125251
-0.258678 0.168870 0.045577
-0.203482 0.009019 -0.102097
-0.114210 0.026331 0.113166
-0.046854 -0.039974 0.189825
-0.187839 0.232241 0.093990
-0.244395 0.203242 0.086209
-0.205269 0.204327 0.123465
-0.190236 0.183779 0.068846
-0.162725 0.193949 0.105802
-0.015576 0.025518 0.176785
-0.326844 0.089526 0.153453
-0.052277 -0.073658 0.055883
-0.040630 -0.090079 0.071907
-0.035832 -0.016452 0.066587
-0.087228 -0.105104 0.332833
0.141148 -0.004060 -0.095036
-0.187254 -0.040584 0.238621
0.159140 -0.165720 -0.177448
0.101043 -0.147601 -0.206679
0.276250 -0.079854 -0.102203
-0.254743 0.053964 0.089400
0.081604 -0.117664 -0.143997
-0.154611 0.141800 -0.084464
-0.132860 0.076830 0.195761
-0.234527 -0.036465 -0.145439
-0.057171 -0.006602 0.120020
-0.072373 0.061330 0.246071
0.314733 0.028601 -0.187983
0.213103 -0.077957 -0.121996
-0.045064 -0.154610 0.187289
0.093271 -0.030334 -0.011007
-0.104992 -0.127900 0.001955
0.199243 -0.043111 -0.118385
-0.272448 0.241517 0.097770
0.211496 -0.054338 -0.513065
-0.177909 -0.098875 0.075865
-0.171450 -0.105018 0.044133
-0.182920 -0.003750 0.071164
0.134451 -0.107897 -0.053794
0.269320 -0.144525 -0.097301
-0.153470 0.119814 0.113775
-0.156127 0.079609 0.057537
-0.172895 0.105711 0.088128
-0.184778 0.102682 0.113543
0.352741 -0.029234 -0.207678
-0.153217 -0.018875 0.231051
-0.299301 0.132324 0.247961
-0.172104 0.150402 0.138580
-0.203783 0.147783 0.145552
-0.268001 0.182494 0.122191
-0.168943 0.056900 0.110610
-0.232728 0.107270 0.069302
-0.133359 0.112930 0.039105
-0.081382 0.018071 0.036048
-0.029073 -0.108070 0.220381
0.059157 -0.089238 0.256170
-0.051061 -0.078295 0.140008
0.424680 -0.048530 -0.535815
-0.130286 0.166344 -0.095122
-0.086309 0.052185 -0.158100
-0.098846 -0.034475 -0.002634
-0.283575 0.407735 0.012185
-0.482984 0.747390 -0.016418
-0.114570 -0.046075 -0.018886
-0.164226 0.057763 0.016313
-0.203895 0.148231 0.118049
0.333856 -0.130734 -0.166955
-0.092065 -0.105947 0.030733
0.122952 -0.117530 -0.220451
-0.071815 -0.134982 0.139075
0.201827 -0.071181 -0.156921
0.032620 -0.029831 0.210228
-0.041752 -0.167325 0.119051
-0.117199 0.100077 0.097787
-0.141892 0.044180 0.091672
0.463205 0.003620 -0.350420
-0.128326 0.263569 0.148829
-0.161296 0.161289 0.069284
-0.003815 -0.023328 0.005774
-0.143663 0.017472 -0.095615
0.310541 -0.061391 -0.126714
-0.111415 0.258785 -0.003178
0.240183 -0.021588 -0.156321
-0.113357 -0.142613 0.145376
-0.048409 -0.114993 0.030062
-0.074394 -0.044134 -0.095393
0.135300 -0.160825 -0.200144
0.577818 -0.125723 -0.271491
-0.164459 -0.121523 0.083431
0.193163 -0.049831 -0.171307
0.268701 0.000257 -0.538947
0.131745 -0.058238 -0.115944
0.006631 -0.101589 0.164544
-0.090226 -0.192192 0.158499
0.688353 -0.058201 -0.856114
0.115828 -0.013926 -0.222163
-0.256506 0.113663 0.119728
0.330410 0.023537 -0.242358
0.299472 0.004313 -0.236098
0.693358 -0.025890 -0.781476
-0.065771 -0.045652 0.099840
-0.149151 0.154394 0.321588
0.316836 -0.379526 -0.374133
-0.000272 -0.119146 0.177358
-0.145534 0.168216 -0.047894
0.171934 -0.111856 -0.280616
-0.053631 -0.024537 0.154271
0.052125 -0.613313 0.407164
-0.334760 0.075825 0.114577
0.255617 -0.059649 -0.212589
-0.164610 0.054566 0.060429
0.320169 -0.064252 -0.179493
-0.080206 0.047768 0.142259
-0.198378 -0.009220 0.110285
0.219445 -0.066972 -0.217322
0.293803 -0.071582 -0.215131
-0.042262 -0.012980 0.005519
-0.150636 -0.141399 0.144635
0.264349 -0.102056 -0.163388
-0.156903 -0.175971 0.077529
0.021603 0.027516 0.063427
-0.170343 0.175367 0.021552
0.582744 0.024281 -0.529182
-0.001574 0.123493 -0.313790
-0.101597 0.112520 0.172781
-0.125714 -0.006279 0.111794
0.267749 -0.051210 -0.094852
0.005451 -0.254962 0.189503
0.046003 -0.218942 0.137426
-0.329375 0.135859 0.068623
-0.303505 0.103092 -0.029227
0.115518 0.077151 -0.132944
-0.170111 -0.104280 0.105537
0.238835 0.013455 -0.136991
-0.042021 -0.109546 0.088508
-0.147435 -0.119722 0.058463
-0.018609 -0.010219 0.107732
-0.019298 -0.016085 0.165025
0.019628 -0.020651 0.127761
-0.004941 0.054199 0.127350
0.292160 -0.155655 -0.223199
