0 7 1.0
0 23 1.0
0 34 1.0
0 41 1.0
0 45 1.0
0 59 1.0
0 73 1.0
0 77 1.0
0 80 1.0
0 94 1.0
0 97 1.0
0 98 1.0
0 99 1.0
0 100 1.0
0 102 1.0
0 103 1.0
0 107 1.0
0 130 1.0
0 131 1.0
0 153 1.0
0 158 1.0
0 167 1.0
0 170 1.0
1 13 1.0
1 53 1.0
1 149 1.0
2 114 1.0
2 152 1.0
2 166 1.0
2 171 1.0
3 4 1.0
3 12 1.0
3 25 1.0
3 76 1.0
3 84 1.0
3 101 1.0
3 137 1.0
3 146 1.0
3 152 1.0
3 155 1.0
3 166 1.0
3 168 1.0
3 171 1.0
3 172 1.0
3 175 1.0
3 188 1.0
4 12 1.0
4 18 1.0
4 20 1.0
4 25 1.0
4 26 1.0
4 27 1.0
4 28 1.0
4 50 1.0
4 52 1.0
4 53 1.0
4 56 1.0
4 72 1.0
4 74 1.0
4 75 1.0
4 76 1.0
4 78 1.0
4 84 1.0
4 85 1.0
4 89 1.0
4 95 1.0
4 96 1.0
4 101 1.0
4 123 1.0
4 125 1.0
4 127 1.0
4 135 1.0
4 137 1.0
4 139 1.0
4 143 1.0
4 146 1.0
4 148 1.0
4 152 1.0
4 154 1.0
4 155 1.0
4 162 1.0
4 166 1.0
4 168 1.0
4 171 1.0
4 172 1.0
4 175 1.0
4 188 1.0
4 190 1.0
4 193 1.0
4 195 1.0
4 196 1.0
5 151 1.0
5 156 1.0
6 9 1.0
6 10 1.0
6 13 1.0
6 18 1.0
6 35 1.0
6 48 1.0
6 52 1.0
6 54 1.0
6 55 1.0
6 56 1.0
6 59 1.0
6 60 1.0
6 66 1.0
6 68 1.0
6 69 1.0
6 70 1.0
6 71 1.0
6 73 1.0
6 80 1.0
6 82 1.0
6 86 1.0
6 92 1.0
6 93 1.0
6 94 1.0
6 102 1.0
6 107 1.0
6 110 1.0
6 111 1.0
6 112 1.0
6 113 1.0
6 121 1.0
6 124 1.0
6 126 1.0
6 128 1.0
6 129 1.0
6 131 1.0
6 135 1.0
6 140 1.0
6 145 1.0
6 149 1.0
6 150 1.0
6 157 1.0
6 160 1.0
6 163 1.0
6 167 1.0
6 169 1.0
6 170 1.0
6 176 1.0
6 177 1.0
6 184 1.0
6 189 1.0
6 191 1.0
6 192 1.0
6 193 1.0
6 194 1.0
6 195 1.0
6 196 1.0
7 34 1.0
7 45 1.0
7 59 1.0
7 88 1.0
7 94 1.0
7 97 1.0
7 98 1.0
7 99 1.0
7 100 1.0
7 109 1.0
7 117 1.0
7 120 1.0
7 130 1.0
7 131 1.0
7 135 1.0
7 141 1.0
7 153 1.0
7 167 1.0
7 170 1.0
7 173 1.0
8 10 1.0
8 22 1.0
8 31 1.0
8 37 1.0
8 70 1.0
8 79 1.0
8 110 1.0
8 115 1.0
8 116 1.0
8 117 1.0
8 120 1.0
8 121 1.0
8 134 1.0
8 136 1.0
8 138 1.0
8 152 1.0
8 161 1.0
8 167 1.0
8 178 1.0
8 188 1.0
9 10 1.0
9 13 1.0
9 48 1.0
9 52 1.0
9 56 1.0
9 59 1.0
9 60 1.0
9 68 1.0
9 69 1.0
9 70 1.0
9 73 1.0
9 86 1.0
9 102 1.0
9 111 1.0
9 112 1.0
9 113 1.0
9 126 1.0
9 129 1.0
9 140 1.0
9 150 1.0
9 157 1.0
9 160 1.0
9 163 1.0
9 191 1.0
9 194 1.0
9 195 1.0
10 22 1.0
10 31 1.0
10 37 1.0
10 48 1.0
10 52 1.0
10 56 1.0
10 70 1.0
10 79 1.0
10 111 1.0
10 112 1.0
10 113 1.0
10 134 1.0
10 138 1.0
10 157 1.0
10 160 1.0
10 161 1.0
10 163 1.0
10 178 1.0
10 188 1.0
10 195 1.0
11 17 1.0
11 18 1.0
11 30 1.0
11 48 1.0
11 52 1.0
11 53 1.0
11 54 1.0
11 55 1.0
11 56 1.0
11 59 1.0
11 60 1.0
11 70 1.0
11 72 1.0
11 82 1.0
11 113 1.0
11 128 1.0
11 169 1.0
11 193 1.0
11 194 1.0
11 195 1.0
11 196 1.0
12 24 1.0
12 25 1.0
12 27 1.0
12 72 1.0
12 84 1.0
12 85 1.0
12 91 1.0
12 101 1.0
12 127 1.0
12 139 1.0
12 146 1.0
12 147 1.0
12 148 1.0
12 152 1.0
12 154 1.0
12 155 1.0
12 166 1.0
12 168 1.0
12 171 1.0
12 172 1.0
12 175 1.0
12 188 1.0
12 190 1.0
13 53 1.0
13 59 1.0
13 60 1.0
13 68 1.0
13 69 1.0
13 86 1.0
13 95 1.0
13 111 1.0
13 113 1.0
13 126 1.0
13 129 1.0
13 140 1.0
13 149 1.0
13 150 1.0
13 157 1.0
13 160 1.0
13 163 1.0
13 184 1.0
13 185 1.0
13 191 1.0
13 193 1.0
13 194 1.0
14 15 1.0
14 23 1.0
14 47 1.0
14 80 1.0
14 90 1.0
14 103 1.0
14 104 1.0
14 106 1.0
15 23 1.0
15 47 1.0
15 77 1.0
15 80 1.0
15 90 1.0
15 103 1.0
15 104 1.0
15 106 1.0
16 61 1.0
16 135 1.0
17 18 1.0
17 28 1.0
17 30 1.0
17 49 1.0
17 52 1.0
17 53 1.0
17 54 1.0
17 55 1.0
17 56 1.0
17 59 1.0
17 60 1.0
17 72 1.0
17 76 1.0
17 85 1.0
17 87 1.0
17 89 1.0
17 95 1.0
17 113 1.0
17 127 1.0
17 128 1.0
17 130 1.0
17 131 1.0
17 135 1.0
17 139 1.0
17 146 1.0
17 148 1.0
17 157 1.0
17 166 1.0
17 171 1.0
17 182 1.0
17 183 1.0
17 190 1.0
17 193 1.0
17 194 1.0
17 195 1.0
17 196 1.0
18 19 1.0
18 30 1.0
18 48 1.0
18 52 1.0
18 53 1.0
18 54 1.0
18 55 1.0
18 56 1.0
18 59 1.0
18 60 1.0
18 69 1.0
18 128 1.0
18 129 1.0
18 135 1.0
18 184 1.0
18 191 1.0
18 193 1.0
18 194 1.0
18 195 1.0
18 196 1.0
19 23 1.0
19 59 1.0
19 69 1.0
19 77 1.0
19 79 1.0
19 86 1.0
19 135 1.0
19 136 1.0
19 157 1.0
19 167 1.0
21 42 1.0
21 80 1.0
21 82 1.0
21 97 1.0
21 98 1.0
21 99 1.0
21 100 1.0
21 104 1.0
21 107 1.0
21 130 1.0
21 131 1.0
21 135 1.0
21 163 1.0
21 169 1.0
21 173 1.0
21 177 1.0
21 181 1.0
21 193 1.0
21 196 1.0
22 31 1.0
22 37 1.0
22 59 1.0
22 79 1.0
22 110 1.0
22 134 1.0
22 138 1.0
22 161 1.0
22 167 1.0
22 178 1.0
22 188 1.0
23 34 1.0
23 41 1.0
23 42 1.0
23 45 1.0
23 47 1.0
23 59 1.0
23 73 1.0
23 77 1.0
23 79 1.0
23 80 1.0
23 90 1.0
23 98 1.0
23 99 1.0
23 102 1.0
23 103 1.0
23 104 1.0
23 106 1.0
23 107 1.0
23 131 1.0
23 135 1.0
23 153 1.0
23 167 1.0
23 170 1.0
23 173 1.0
23 181 1.0
24 91 1.0
24 116 1.0
24 147 1.0
24 148 1.0
24 152 1.0
25 27 1.0
25 28 1.0
25 72 1.0
25 76 1.0
25 84 1.0
25 85 1.0
25 89 1.0
25 95 1.0
25 101 1.0
25 123 1.0
25 127 1.0
25 137 1.0
25 139 1.0
25 146 1.0
25 148 1.0
25 152 1.0
25 154 1.0
25 155 1.0
25 166 1.0
25 168 1.0
25 171 1.0
25 172 1.0
25 175 1.0
25 177 1.0
25 183 1.0
25 188 1.0
25 190 1.0
25 197 1.0
26 28 1.0
26 50 1.0
26 75 1.0
26 95 1.0
26 125 1.0
26 127 1.0
26 143 1.0
26 146 1.0
26 148 1.0
26 152 1.0
26 166 1.0
26 171 1.0
27 28 1.0
27 72 1.0
27 76 1.0
27 84 1.0
27 85 1.0
27 89 1.0
27 95 1.0
27 101 1.0
27 123 1.0
27 127 1.0
27 137 1.0
27 139 1.0
27 146 1.0
27 148 1.0
27 152 1.0
27 154 1.0
27 155 1.0
27 166 1.0
27 171 1.0
27 172 1.0
27 175 1.0
27 183 1.0
27 188 1.0
27 190 1.0
27 197 1.0
28 50 1.0
28 72 1.0
28 75 1.0
28 76 1.0
28 85 1.0
28 87 1.0
28 89 1.0
28 95 1.0
28 96 1.0
28 123 1.0
28 125 1.0
28 127 1.0
28 135 1.0
28 137 1.0
28 139 1.0
28 143 1.0
28 146 1.0
28 148 1.0
28 152 1.0
28 166 1.0
28 168 1.0
28 171 1.0
28 175 1.0
28 183 1.0
28 190 1.0
28 197 1.0
29 33 1.0
30 31 1.0
30 52 1.0
30 53 1.0
30 54 1.0
30 55 1.0
30 56 1.0
30 59 1.0
30 60 1.0
30 105 1.0
30 110 1.0
30 122 1.0
30 128 1.0
30 169 1.0
30 193 1.0
30 194 1.0
30 195 1.0
30 196 1.0
31 32 1.0
31 34 1.0
31 37 1.0
31 39 1.0
31 43 1.0
31 57 1.0
31 59 1.0
31 60 1.0
31 61 1.0
31 62 1.0
31 63 1.0
31 64 1.0
31 65 1.0
31 79 1.0
31 90 1.0
31 97 1.0
31 98 1.0
31 99 1.0
31 100 1.0
31 104 1.0
31 105 1.0
31 106 1.0
31 107 1.0
31 108 1.0
31 109 1.0
31 110 1.0
31 121 1.0
31 122 1.0
31 130 1.0
31 131 1.0
31 134 1.0
31 138 1.0
31 153 1.0
31 161 1.0
31 167 1.0
31 178 1.0
31 188 1.0
32 34 1.0
32 37 1.0
32 39 1.0
32 43 1.0
32 57 1.0
32 59 1.0
32 61 1.0
32 62 1.0
32 63 1.0
32 64 1.0
32 65 1.0
32 90 1.0
32 97 1.0
32 98 1.0
32 99 1.0
32 100 1.0
32 104 1.0
32 105 1.0
32 106 1.0
32 107 1.0
32 108 1.0
32 109 1.0
32 115 1.0
32 118 1.0
32 121 1.0
32 122 1.0
32 130 1.0
32 131 1.0
32 133 1.0
32 134 1.0
32 153 1.0
32 167 1.0
32 178 1.0
33 69 1.0
33 82 1.0
33 191 1.0
34 39 1.0
34 43 1.0
34 45 1.0
34 57 1.0
34 59 1.0
34 61 1.0
34 62 1.0
34 63 1.0
34 64 1.0
34 65 1.0
34 67 1.0
34 73 1.0
34 77 1.0
34 94 1.0
34 97 1.0
34 98 1.0
34 99 1.0
34 100 1.0
34 102 1.0
34 103 1.0
34 104 1.0
34 105 1.0
34 106 1.0
34 107 1.0
34 108 1.0
34 109 1.0
34 121 1.0
34 122 1.0
34 130 1.0
34 131 1.0
34 134 1.0
34 153 1.0
34 165 1.0
34 167 1.0
34 169 1.0
34 170 1.0
34 178 1.0
34 186 1.0
35 48 1.0
35 52 1.0
35 53 1.0
35 54 1.0
35 55 1.0
35 59 1.0
35 66 1.0
35 69 1.0
35 71 1.0
35 80 1.0
35 82 1.0
35 86 1.0
35 128 1.0
35 149 1.0
35 157 1.0
35 160 1.0
35 163 1.0
35 169 1.0
35 173 1.0
35 177 1.0
35 191 1.0
35 193 1.0
35 194 1.0
35 195 1.0
35 196 1.0
36 89 1.0
36 132 1.0
36 152 1.0
36 154 1.0
36 179 1.0
37 39 1.0
37 43 1.0
37 62 1.0
37 79 1.0
37 90 1.0
37 104 1.0
37 115 1.0
37 118 1.0
37 133 1.0
37 134 1.0
37 138 1.0
37 161 1.0
37 178 1.0
37 188 1.0
38 50 1.0
38 79 1.0
38 115 1.0
38 148 1.0
38 152 1.0
38 180 1.0
39 43 1.0
39 57 1.0
39 59 1.0
39 61 1.0
39 62 1.0
39 63 1.0
39 64 1.0
39 65 1.0
39 90 1.0
39 97 1.0
39 98 1.0
39 99 1.0
39 100 1.0
39 104 1.0
39 105 1.0
39 106 1.0
39 107 1.0
39 108 1.0
39 109 1.0
39 115 1.0
39 118 1.0
39 121 1.0
39 122 1.0
39 130 1.0
39 131 1.0
39 133 1.0
39 134 1.0
39 153 1.0
39 167 1.0
39 178 1.0
40 44 1.0
40 76 1.0
40 85 1.0
40 87 1.0
40 95 1.0
40 96 1.0
40 135 1.0
41 45 1.0
41 49 1.0
41 80 1.0
41 103 1.0
41 105 1.0
41 122 1.0
41 135 1.0
41 158 1.0
41 181 1.0
41 182 1.0
42 58 1.0
42 77 1.0
42 80 1.0
42 81 1.0
42 82 1.0
42 97 1.0
42 98 1.0
42 99 1.0
42 100 1.0
42 104 1.0
42 107 1.0
42 117 1.0
42 120 1.0
42 121 1.0
42 130 1.0
42 131 1.0
42 135 1.0
42 142 1.0
42 157 1.0
42 161 1.0
42 163 1.0
42 169 1.0
42 173 1.0
42 177 1.0
42 181 1.0
42 193 1.0
42 196 1.0
43 49 1.0
43 57 1.0
43 59 1.0
43 61 1.0
43 62 1.0
43 63 1.0
43 64 1.0
43 65 1.0
43 67 1.0
43 90 1.0
43 97 1.0
43 98 1.0
43 99 1.0
43 100 1.0
43 104 1.0
43 105 1.0
43 106 1.0
43 107 1.0
43 108 1.0
43 109 1.0
43 121 1.0
43 122 1.0
43 130 1.0
43 131 1.0
43 134 1.0
43 138 1.0
43 153 1.0
43 165 1.0
43 167 1.0
43 170 1.0
43 178 1.0
43 186 1.0
44 76 1.0
44 85 1.0
44 87 1.0
44 95 1.0
44 96 1.0
44 135 1.0
45 49 1.0
45 59 1.0
45 80 1.0
45 94 1.0
45 97 1.0
45 98 1.0
45 99 1.0
45 100 1.0
45 103 1.0
45 105 1.0
45 122 1.0
45 130 1.0
45 131 1.0
45 153 1.0
45 158 1.0
45 167 1.0
45 170 1.0
45 182 1.0
46 154 1.0
46 166 1.0
46 179 1.0
47 80 1.0
47 90 1.0
47 103 1.0
47 104 1.0
47 106 1.0
48 51 1.0
48 52 1.0
48 53 1.0
48 56 1.0
48 59 1.0
48 66 1.0
48 68 1.0
48 69 1.0
48 70 1.0
48 78 1.0
48 82 1.0
48 89 1.0
48 111 1.0
48 112 1.0
48 113 1.0
48 117 1.0
48 120 1.0
48 124 1.0
48 126 1.0
48 129 1.0
48 135 1.0
48 141 1.0
48 142 1.0
48 148 1.0
48 149 1.0
48 157 1.0
48 160 1.0
48 161 1.0
48 163 1.0
48 173 1.0
48 177 1.0
48 184 1.0
48 191 1.0
48 193 1.0
48 194 1.0
48 195 1.0
49 52 1.0
49 55 1.0
49 59 1.0
49 63 1.0
49 64 1.0
49 65 1.0
49 67 1.0
49 80 1.0
49 87 1.0
49 105 1.0
49 109 1.0
49 110 1.0
49 113 1.0
49 122 1.0
49 130 1.0
49 131 1.0
49 138 1.0
49 157 1.0
49 165 1.0
49 167 1.0
49 178 1.0
49 182 1.0
49 195 1.0
50 74 1.0
50 75 1.0
50 78 1.0
50 95 1.0
50 125 1.0
50 127 1.0
50 135 1.0
50 143 1.0
50 146 1.0
50 148 1.0
50 152 1.0
50 166 1.0
50 171 1.0
50 173 1.0
50 180 1.0
51 52 1.0
51 59 1.0
51 82 1.0
51 87 1.0
51 195 1.0
52 53 1.0
52 54 1.0
52 55 1.0
52 56 1.0
52 59 1.0
52 60 1.0
52 66 1.0
52 70 1.0
52 80 1.0
52 82 1.0
52 87 1.0
52 110 1.0
52 111 1.0
52 112 1.0
52 113 1.0
52 128 1.0
52 130 1.0
52 131 1.0
52 148 1.0
52 149 1.0
52 157 1.0
52 160 1.0
52 163 1.0
52 169 1.0
52 177 1.0
52 182 1.0
52 193 1.0
52 194 1.0
52 195 1.0
52 196 1.0
53 54 1.0
53 55 1.0
53 56 1.0
53 59 1.0
53 60 1.0
53 66 1.0
53 68 1.0
53 69 1.0
53 82 1.0
53 86 1.0
53 92 1.0
53 93 1.0
53 95 1.0
53 110 1.0
53 124 1.0
53 128 1.0
53 129 1.0
53 145 1.0
53 148 1.0
53 149 1.0
53 157 1.0
53 160 1.0
53 163 1.0
53 167 1.0
53 169 1.0
53 173 1.0
53 176 1.0
53 177 1.0
53 185 1.0
53 189 1.0
53 191 1.0
53 192 1.0
53 193 1.0
53 194 1.0
53 195 1.0
53 196 1.0
54 55 1.0
54 56 1.0
54 59 1.0
54 60 1.0
54 66 1.0
54 80 1.0
54 82 1.0
54 128 1.0
54 149 1.0
54 157 1.0
54 163 1.0
54 169 1.0
54 177 1.0
54 193 1.0
54 194 1.0
54 195 1.0
54 196 1.0
55 56 1.0
55 59 1.0
55 60 1.0
55 66 1.0
55 80 1.0
55 82 1.0
55 87 1.0
55 110 1.0
55 113 1.0
55 128 1.0
55 130 1.0
55 131 1.0
55 149 1.0
55 157 1.0
55 163 1.0
55 169 1.0
55 177 1.0
55 182 1.0
55 193 1.0
55 194 1.0
55 195 1.0
55 196 1.0
56 59 1.0
56 60 1.0
56 69 1.0
56 70 1.0
56 82 1.0
56 88 1.0
56 110 1.0
56 111 1.0
56 112 1.0
56 113 1.0
56 120 1.0
56 128 1.0
56 129 1.0
56 135 1.0
56 141 1.0
56 157 1.0
56 160 1.0
56 163 1.0
56 184 1.0
56 191 1.0
56 193 1.0
56 194 1.0
56 195 1.0
56 196 1.0
57 59 1.0
57 61 1.0
57 62 1.0
57 63 1.0
57 64 1.0
57 65 1.0
57 97 1.0
57 98 1.0
57 99 1.0
57 100 1.0
57 104 1.0
57 105 1.0
57 106 1.0
57 107 1.0
57 108 1.0
57 109 1.0
57 121 1.0
57 122 1.0
57 130 1.0
57 131 1.0
57 134 1.0
57 153 1.0
57 161 1.0
57 167 1.0
57 178 1.0
57 186 1.0
57 187 1.0
58 81 1.0
58 98 1.0
58 99 1.0
58 117 1.0
58 120 1.0
58 121 1.0
58 135 1.0
58 142 1.0
58 157 1.0
58 161 1.0
58 173 1.0
59 60 1.0
59 61 1.0
59 62 1.0
59 63 1.0
59 64 1.0
59 65 1.0
59 67 1.0
59 68 1.0
59 69 1.0
59 71 1.0
59 77 1.0
59 79 1.0
59 80 1.0
59 82 1.0
59 87 1.0
59 88 1.0
59 90 1.0
59 92 1.0
59 93 1.0
59 94 1.0
59 97 1.0
59 98 1.0
59 99 1.0
59 100 1.0
59 104 1.0
59 105 1.0
59 106 1.0
59 107 1.0
59 108 1.0
59 109 1.0
59 110 1.0
59 111 1.0
59 113 1.0
59 117 1.0
59 120 1.0
59 121 1.0
59 122 1.0
59 124 1.0
59 126 1.0
59 128 1.0
59 129 1.0
59 130 1.0
59 131 1.0
59 134 1.0
59 135 1.0
59 140 1.0
59 141 1.0
59 145 1.0
59 149 1.0
59 150 1.0
59 153 1.0
59 157 1.0
59 160 1.0
59 163 1.0
59 165 1.0
59 167 1.0
59 170 1.0
59 173 1.0
59 178 1.0
59 182 1.0
59 186 1.0
59 189 1.0
59 191 1.0
59 192 1.0
59 193 1.0
59 194 1.0
59 195 1.0
59 196 1.0
60 68 1.0
60 69 1.0
60 105 1.0
60 110 1.0
60 111 1.0
60 113 1.0
60 122 1.0
60 126 1.0
60 128 1.0
60 129 1.0
60 140 1.0
60 150 1.0
60 157 1.0
60 176 1.0
60 191 1.0
60 193 1.0
60 194 1.0
60 195 1.0
60 196 1.0
61 62 1.0
61 63 1.0
61 64 1.0
61 65 1.0
61 97 1.0
61 98 1.0
61 99 1.0
61 100 1.0
61 104 1.0
61 105 1.0
61 106 1.0
61 107 1.0
61 108 1.0
61 109 1.0
61 121 1.0
61 122 1.0
61 130 1.0
61 131 1.0
61 134 1.0
61 153 1.0
61 167 1.0
61 178 1.0
62 63 1.0
62 64 1.0
62 65 1.0
62 90 1.0
62 97 1.0
62 98 1.0
62 99 1.0
62 100 1.0
62 104 1.0
62 105 1.0
62 106 1.0
62 107 1.0
62 108 1.0
62 109 1.0
62 121 1.0
62 122 1.0
62 130 1.0
62 131 1.0
62 134 1.0
62 153 1.0
62 167 1.0
62 178 1.0
63 64 1.0
63 65 1.0
63 97 1.0
63 98 1.0
63 99 1.0
63 100 1.0
63 104 1.0
63 105 1.0
63 106 1.0
63 107 1.0
63 108 1.0
63 109 1.0
63 121 1.0
63 122 1.0
63 130 1.0
63 131 1.0
63 134 1.0
63 138 1.0
63 153 1.0
63 167 1.0
63 169 1.0
63 178 1.0
64 65 1.0
64 97 1.0
64 98 1.0
64 99 1.0
64 100 1.0
64 104 1.0
64 105 1.0
64 106 1.0
64 107 1.0
64 108 1.0
64 109 1.0
64 121 1.0
64 122 1.0
64 130 1.0
64 131 1.0
64 134 1.0
64 135 1.0
64 138 1.0
64 153 1.0
64 167 1.0
64 169 1.0
64 178 1.0
65 97 1.0
65 98 1.0
65 99 1.0
65 100 1.0
65 104 1.0
65 105 1.0
65 106 1.0
65 107 1.0
65 108 1.0
65 109 1.0
65 121 1.0
65 122 1.0
65 130 1.0
65 131 1.0
65 134 1.0
65 135 1.0
65 138 1.0
65 153 1.0
65 167 1.0
65 169 1.0
65 178 1.0
65 181 1.0
66 69 1.0
66 80 1.0
66 82 1.0
66 83 1.0
66 86 1.0
66 102 1.0
66 126 1.0
66 133 1.0
66 134 1.0
66 135 1.0
66 148 1.0
66 149 1.0
66 157 1.0
66 158 1.0
66 163 1.0
66 169 1.0
66 173 1.0
66 177 1.0
66 191 1.0
66 193 1.0
66 194 1.0
66 195 1.0
67 98 1.0
67 100 1.0
67 131 1.0
67 134 1.0
67 153 1.0
67 165 1.0
67 167 1.0
67 170 1.0
67 182 1.0
67 186 1.0
68 69 1.0
68 72 1.0
68 85 1.0
68 86 1.0
68 87 1.0
68 89 1.0
68 92 1.0
68 93 1.0
68 94 1.0
68 95 1.0
68 98 1.0
68 107 1.0
68 108 1.0
68 109 1.0
68 110 1.0
68 111 1.0
68 113 1.0
68 117 1.0
68 120 1.0
68 121 1.0
68 124 1.0
68 126 1.0
68 129 1.0
68 131 1.0
68 135 1.0
68 140 1.0
68 141 1.0
68 142 1.0
68 145 1.0
68 149 1.0
68 150 1.0
68 157 1.0
68 160 1.0
68 163 1.0
68 167 1.0
68 170 1.0
68 173 1.0
68 174 1.0
68 176 1.0
68 182 1.0
68 185 1.0
68 189 1.0
68 191 1.0
68 192 1.0
68 193 1.0
68 194 1.0
69 72 1.0
69 82 1.0
69 85 1.0
69 86 1.0
69 87 1.0
69 92 1.0
69 93 1.0
69 94 1.0
69 95 1.0
69 98 1.0
69 107 1.0
69 109 1.0
69 110 1.0
69 111 1.0
69 113 1.0
69 117 1.0
69 120 1.0
69 121 1.0
69 124 1.0
69 126 1.0
69 129 1.0
69 131 1.0
69 135 1.0
69 140 1.0
69 141 1.0
69 142 1.0
69 145 1.0
69 149 1.0
69 150 1.0
69 157 1.0
69 160 1.0
69 163 1.0
69 166 1.0
69 167 1.0
69 169 1.0
69 170 1.0
69 173 1.0
69 174 1.0
69 176 1.0
69 177 1.0
69 182 1.0
69 184 1.0
69 185 1.0
69 189 1.0
69 191 1.0
69 192 1.0
69 193 1.0
69 194 1.0
70 71 1.0
70 73 1.0
70 82 1.0
70 102 1.0
70 110 1.0
70 111 1.0
70 112 1.0
70 113 1.0
70 115 1.0
70 116 1.0
70 117 1.0
70 120 1.0
70 121 1.0
70 136 1.0
70 149 1.0
70 152 1.0
70 157 1.0
70 160 1.0
70 163 1.0
70 167 1.0
70 194 1.0
70 195 1.0
71 73 1.0
71 102 1.0
71 149 1.0
71 160 1.0
71 163 1.0
72 76 1.0
72 84 1.0
72 85 1.0
72 87 1.0
72 89 1.0
72 95 1.0
72 98 1.0
72 109 1.0
72 127 1.0
72 135 1.0
72 139 1.0
72 142 1.0
72 146 1.0
72 148 1.0
72 154 1.0
72 155 1.0
72 166 1.0
72 171 1.0
72 173 1.0
72 183 1.0
72 188 1.0
72 190 1.0
73 77 1.0
73 86 1.0
73 102 1.0
73 103 1.0
73 107 1.0
73 111 1.0
73 113 1.0
73 149 1.0
73 153 1.0
73 160 1.0
73 163 1.0
73 167 1.0
73 170 1.0
74 75 1.0
74 78 1.0
74 85 1.0
74 95 1.0
74 125 1.0
74 127 1.0
74 135 1.0
74 143 1.0
74 146 1.0
74 148 1.0
74 162 1.0
74 166 1.0
74 171 1.0
74 173 1.0
74 197 1.0
75 78 1.0
75 95 1.0
75 125 1.0
75 127 1.0
75 135 1.0
75 143 1.0
75 146 1.0
75 148 1.0
75 152 1.0
75 171 1.0
75 173 1.0
76 84 1.0
76 85 1.0
76 87 1.0
76 89 1.0
76 95 1.0
76 96 1.0
76 101 1.0
76 123 1.0
76 127 1.0
76 135 1.0
76 137 1.0
76 139 1.0
76 146 1.0
76 148 1.0
76 166 1.0
76 168 1.0
76 171 1.0
76 172 1.0
76 183 1.0
76 190 1.0
77 79 1.0
77 90 1.0
77 94 1.0
77 98 1.0
77 99 1.0
77 102 1.0
77 103 1.0
77 107 1.0
77 135 1.0
77 136 1.0
77 153 1.0
77 157 1.0
77 167 1.0
77 170 1.0
77 173 1.0
77 178 1.0
77 181 1.0
77 187 1.0
78 85 1.0
78 95 1.0
78 117 1.0
78 125 1.0
78 127 1.0
78 135 1.0
78 141 1.0
78 142 1.0
78 143 1.0
78 146 1.0
78 148 1.0
78 162 1.0
78 166 1.0
78 171 1.0
78 173 1.0
79 90 1.0
79 94 1.0
79 134 1.0
79 138 1.0
79 161 1.0
79 167 1.0
79 178 1.0
79 180 1.0
79 188 1.0
80 82 1.0
80 97 1.0
80 98 1.0
80 99 1.0
80 100 1.0
80 103 1.0
80 104 1.0
80 105 1.0
80 107 1.0
80 122 1.0
80 130 1.0
80 131 1.0
80 135 1.0
80 149 1.0
80 157 1.0
80 163 1.0
80 169 1.0
80 173 1.0
80 177 1.0
80 181 1.0
80 182 1.0
80 193 1.0
80 194 1.0
80 195 1.0
80 196 1.0
81 98 1.0
81 117 1.0
81 120 1.0
81 121 1.0
81 135 1.0
81 142 1.0
82 83 1.0
82 86 1.0
82 88 1.0
82 89 1.0
82 97 1.0
82 98 1.0
82 99 1.0
82 100 1.0
82 102 1.0
82 104 1.0
82 107 1.0
82 108 1.0
82 110 1.0
82 113 1.0
82 117 1.0
82 120 1.0
82 126 1.0
82 130 1.0
82 131 1.0
82 133 1.0
82 134 1.0
82 135 1.0
82 136 1.0
82 140 1.0
82 141 1.0
82 148 1.0
82 149 1.0
82 157 1.0
82 158 1.0
82 163 1.0
82 167 1.0
82 169 1.0
82 173 1.0
82 177 1.0
82 181 1.0
82 184 1.0
82 191 1.0
82 193 1.0
82 194 1.0
82 195 1.0
82 196 1.0
83 117 1.0
83 128 1.0
83 133 1.0
83 134 1.0
83 135 1.0
83 157 1.0
83 158 1.0
83 169 1.0
83 174 1.0
83 182 1.0
83 193 1.0
83 194 1.0
84 85 1.0
84 101 1.0
84 127 1.0
84 139 1.0
84 146 1.0
84 148 1.0
84 154 1.0
84 155 1.0
84 166 1.0
84 168 1.0
84 188 1.0
84 190 1.0
85 87 1.0
85 89 1.0
85 95 1.0
85 96 1.0
85 101 1.0
85 123 1.0
85 127 1.0
85 135 1.0
85 137 1.0
85 139 1.0
85 146 1.0
85 148 1.0
85 152 1.0
85 154 1.0
85 155 1.0
85 162 1.0
85 166 1.0
85 168 1.0
85 171 1.0
85 172 1.0
85 175 1.0
85 183 1.0
85 188 1.0
85 190 1.0
85 197 1.0
86 95 1.0
86 102 1.0
86 111 1.0
86 113 1.0
86 129 1.0
86 149 1.0
86 157 1.0
86 160 1.0
86 163 1.0
86 185 1.0
86 191 1.0
86 193 1.0
86 194 1.0
87 89 1.0
87 95 1.0
87 96 1.0
87 98 1.0
87 109 1.0
87 113 1.0
87 127 1.0
87 130 1.0
87 131 1.0
87 135 1.0
87 139 1.0
87 142 1.0
87 146 1.0
87 148 1.0
87 157 1.0
87 166 1.0
87 171 1.0
87 173 1.0
87 182 1.0
87 183 1.0
87 190 1.0
87 195 1.0
88 94 1.0
88 117 1.0
88 120 1.0
88 126 1.0
88 131 1.0
88 135 1.0
88 140 1.0
88 141 1.0
88 148 1.0
88 157 1.0
88 170 1.0
88 173 1.0
88 195 1.0
89 95 1.0
89 96 1.0
89 123 1.0
89 124 1.0
89 127 1.0
89 132 1.0
89 135 1.0
89 137 1.0
89 139 1.0
89 146 1.0
89 148 1.0
89 152 1.0
89 166 1.0
89 168 1.0
89 171 1.0
89 172 1.0
89 175 1.0
89 183 1.0
89 190 1.0
89 197 1.0
90 94 1.0
90 103 1.0
90 104 1.0
90 106 1.0
90 115 1.0
90 118 1.0
90 133 1.0
90 134 1.0
90 138 1.0
90 167 1.0
90 178 1.0
91 147 1.0
91 152 1.0
91 162 1.0
92 93 1.0
92 94 1.0
92 107 1.0
92 110 1.0
92 113 1.0
92 117 1.0
92 120 1.0
92 121 1.0
92 124 1.0
92 126 1.0
92 129 1.0
92 131 1.0
92 135 1.0
92 145 1.0
92 167 1.0
92 170 1.0
92 174 1.0
92 176 1.0
92 182 1.0
92 189 1.0
92 191 1.0
92 192 1.0
93 94 1.0
93 107 1.0
93 110 1.0
93 113 1.0
93 117 1.0
93 120 1.0
93 121 1.0
93 124 1.0
93 129 1.0
93 131 1.0
93 135 1.0
93 145 1.0
93 167 1.0
93 170 1.0
93 174 1.0
93 176 1.0
93 182 1.0
93 189 1.0
93 191 1.0
93 192 1.0
94 97 1.0
94 98 1.0
94 99 1.0
94 100 1.0
94 107 1.0
94 109 1.0
94 110 1.0
94 121 1.0
94 124 1.0
94 126 1.0
94 130 1.0
94 131 1.0
94 134 1.0
94 135 1.0
94 140 1.0
94 141 1.0
94 145 1.0
94 153 1.0
94 157 1.0
94 167 1.0
94 170 1.0
94 173 1.0
94 178 1.0
94 189 1.0
94 191 1.0
94 192 1.0
95 96 1.0
95 123 1.0
95 124 1.0
95 125 1.0
95 127 1.0
95 129 1.0
95 135 1.0
95 137 1.0
95 139 1.0
95 141 1.0
95 143 1.0
95 146 1.0
95 148 1.0
95 149 1.0
95 152 1.0
95 157 1.0
95 160 1.0
95 162 1.0
95 163 1.0
95 166 1.0
95 168 1.0
95 171 1.0
95 172 1.0
95 175 1.0
95 183 1.0
95 185 1.0
95 190 1.0
95 191 1.0
95 193 1.0
95 197 1.0
96 123 1.0
96 127 1.0
96 135 1.0
96 137 1.0
96 146 1.0
96 148 1.0
96 166 1.0
96 168 1.0
96 171 1.0
97 98 1.0
97 99 1.0
97 100 1.0
97 104 1.0
97 105 1.0
97 106 1.0
97 107 1.0
97 108 1.0
97 109 1.0
97 121 1.0
97 122 1.0
97 130 1.0
97 131 1.0
97 134 1.0
97 135 1.0
97 153 1.0
97 163 1.0
97 167 1.0
97 169 1.0
97 170 1.0
97 173 1.0
97 177 1.0
97 178 1.0
97 181 1.0
97 193 1.0
97 196 1.0
98 99 1.0
98 100 1.0
98 104 1.0
98 105 1.0
98 106 1.0
98 107 1.0
98 108 1.0
98 109 1.0
98 117 1.0
98 120 1.0
98 121 1.0
98 122 1.0
98 130 1.0
98 131 1.0
98 134 1.0
98 135 1.0
98 142 1.0
98 153 1.0
98 163 1.0
98 165 1.0
98 167 1.0
98 169 1.0
98 170 1.0
98 173 1.0
98 177 1.0
98 178 1.0
98 181 1.0
98 186 1.0
98 193 1.0
98 196 1.0
99 100 1.0
99 104 1.0
99 105 1.0
99 106 1.0
99 107 1.0
99 108 1.0
99 109 1.0
99 121 1.0
99 122 1.0
99 130 1.0
99 131 1.0
99 134 1.0
99 135 1.0
99 153 1.0
99 163 1.0
99 167 1.0
99 169 1.0
99 170 1.0
99 173 1.0
99 177 1.0
99 178 1.0
99 181 1.0
99 193 1.0
99 196 1.0
100 104 1.0
100 105 1.0
100 106 1.0
100 107 1.0
100 108 1.0
100 109 1.0
100 121 1.0
100 122 1.0
100 130 1.0
100 131 1.0
100 134 1.0
100 135 1.0
100 153 1.0
100 163 1.0
100 165 1.0
100 167 1.0
100 169 1.0
100 170 1.0
100 173 1.0
100 177 1.0
100 178 1.0
100 181 1.0
100 186 1.0
100 193 1.0
100 196 1.0
101 127 1.0
101 137 1.0
101 139 1.0
101 146 1.0
101 155 1.0
101 166 1.0
101 168 1.0
101 171 1.0
101 172 1.0
101 175 1.0
101 188 1.0
102 103 1.0
102 107 1.0
102 111 1.0
102 113 1.0
102 149 1.0
102 153 1.0
102 160 1.0
102 163 1.0
102 167 1.0
102 170 1.0
102 177 1.0
103 104 1.0
103 106 1.0
103 107 1.0
103 153 1.0
103 158 1.0
103 167 1.0
103 170 1.0
104 105 1.0
104 106 1.0
104 107 1.0
104 108 1.0
104 109 1.0
104 121 1.0
104 122 1.0
104 130 1.0
104 131 1.0
104 134 1.0
104 135 1.0
104 153 1.0
104 163 1.0
104 167 1.0
104 169 1.0
104 173 1.0
104 177 1.0
104 178 1.0
104 181 1.0
104 193 1.0
104 196 1.0
105 106 1.0
105 107 1.0
105 108 1.0
105 109 1.0
105 110 1.0
105 121 1.0
105 122 1.0
105 130 1.0
105 131 1.0
105 134 1.0
105 153 1.0
105 167 1.0
105 178 1.0
105 182 1.0
105 186 1.0
105 187 1.0
106 107 1.0
106 108 1.0
106 109 1.0
106 121 1.0
106 122 1.0
106 130 1.0
106 131 1.0
106 134 1.0
106 153 1.0
106 161 1.0
106 167 1.0
106 178 1.0
106 186 1.0
106 187 1.0
107 108 1.0
107 109 1.0
107 110 1.0
107 121 1.0
107 122 1.0
107 124 1.0
107 130 1.0
107 131 1.0
107 134 1.0
107 135 1.0
107 145 1.0
107 153 1.0
107 163 1.0
107 167 1.0
107 169 1.0
107 170 1.0
107 173 1.0
107 177 1.0
107 178 1.0
107 181 1.0
107 189 1.0
107 191 1.0
107 192 1.0
107 193 1.0
107 196 1.0
108 109 1.0
108 121 1.0
108 122 1.0
108 130 1.0
108 131 1.0
108 134 1.0
108 153 1.0
108 167 1.0
108 169 1.0
108 176 1.0
108 178 1.0
109 121 1.0
109 122 1.0
109 130 1.0
109 131 1.0
109 134 1.0
109 135 1.0
109 138 1.0
109 142 1.0
109 153 1.0
109 167 1.0
109 169 1.0
109 170 1.0
109 173 1.0
109 178 1.0
109 181 1.0
110 115 1.0
110 116 1.0
110 117 1.0
110 120 1.0
110 121 1.0
110 122 1.0
110 124 1.0
110 131 1.0
110 136 1.0
110 145 1.0
110 152 1.0
110 167 1.0
110 169 1.0
110 170 1.0
110 189 1.0
110 191 1.0
110 192 1.0
110 193 1.0
110 194 1.0
110 195 1.0
111 112 1.0
111 113 1.0
111 126 1.0
111 129 1.0
111 140 1.0
111 149 1.0
111 150 1.0
111 157 1.0
111 160 1.0
111 163 1.0
111 191 1.0
111 194 1.0
111 195 1.0
112 113 1.0
112 157 1.0
112 160 1.0
112 163 1.0
112 195 1.0
113 124 1.0
113 126 1.0
113 129 1.0
113 130 1.0
113 131 1.0
113 135 1.0
113 140 1.0
113 141 1.0
113 145 1.0
113 150 1.0
113 157 1.0
113 160 1.0
113 163 1.0
113 182 1.0
113 189 1.0
113 191 1.0
113 192 1.0
113 194 1.0
113 195 1.0
114 147 1.0
114 151 1.0
114 152 1.0
114 156 1.0
114 166 1.0
114 171 1.0
115 116 1.0
115 117 1.0
115 118 1.0
115 120 1.0
115 121 1.0
115 133 1.0
115 134 1.0
115 136 1.0
115 152 1.0
115 167 1.0
115 178 1.0
115 180 1.0
116 117 1.0
116 120 1.0
116 121 1.0
116 136 1.0
116 152 1.0
116 167 1.0
116 178 1.0
116 182 1.0
117 120 1.0
117 121 1.0
117 124 1.0
117 128 1.0
117 131 1.0
117 135 1.0
117 136 1.0
117 141 1.0
117 142 1.0
117 145 1.0
117 152 1.0
117 167 1.0
117 169 1.0
117 173 1.0
117 174 1.0
117 176 1.0
117 182 1.0
117 189 1.0
117 191 1.0
117 192 1.0
117 193 1.0
118 119 1.0
118 133 1.0
118 134 1.0
118 178 1.0
120 121 1.0
120 124 1.0
120 131 1.0
120 135 1.0
120 136 1.0
120 141 1.0
120 142 1.0
120 145 1.0
120 152 1.0
120 157 1.0
120 167 1.0
120 173 1.0
120 174 1.0
120 176 1.0
120 182 1.0
120 189 1.0
120 191 1.0
120 192 1.0
120 195 1.0
121 122 1.0
121 124 1.0
121 130 1.0
121 131 1.0
121 134 1.0
121 135 1.0
121 136 1.0
121 142 1.0
121 145 1.0
121 152 1.0
121 153 1.0
121 167 1.0
121 170 1.0
121 178 1.0
121 189 1.0
121 191 1.0
121 192 1.0
122 130 1.0
122 131 1.0
122 134 1.0
122 153 1.0
122 161 1.0
122 167 1.0
122 178 1.0
122 182 1.0
122 186 1.0
122 187 1.0
123 127 1.0
123 137 1.0
123 139 1.0
123 152 1.0
123 175 1.0
123 183 1.0
123 197 1.0
124 129 1.0
124 131 1.0
124 135 1.0
124 141 1.0
124 145 1.0
124 150 1.0
124 167 1.0
124 170 1.0
124 174 1.0
124 176 1.0
124 182 1.0
124 189 1.0
124 191 1.0
124 192 1.0
125 127 1.0
125 135 1.0
125 143 1.0
125 146 1.0
125 148 1.0
125 152 1.0
125 166 1.0
125 171 1.0
125 173 1.0
126 129 1.0
126 135 1.0
126 140 1.0
126 141 1.0
126 149 1.0
126 150 1.0
126 157 1.0
126 163 1.0
126 170 1.0
126 173 1.0
126 177 1.0
126 184 1.0
126 191 1.0
126 194 1.0
127 135 1.0
127 137 1.0
127 139 1.0
127 143 1.0
127 146 1.0
127 148 1.0
127 152 1.0
127 154 1.0
127 155 1.0
127 166 1.0
127 168 1.0
127 171 1.0
127 172 1.0
127 175 1.0
127 183 1.0
127 188 1.0
127 190 1.0
127 191 1.0
128 135 1.0
128 169 1.0
128 174 1.0
128 182 1.0
128 193 1.0
128 194 1.0
128 195 1.0
128 196 1.0
129 135 1.0
129 140 1.0
129 145 1.0
129 149 1.0
129 150 1.0
129 157 1.0
129 160 1.0
129 163 1.0
129 176 1.0
129 184 1.0
129 185 1.0
129 189 1.0
129 191 1.0
129 192 1.0
129 193 1.0
129 194 1.0
130 131 1.0
130 134 1.0
130 135 1.0
130 138 1.0
130 153 1.0
130 157 1.0
130 163 1.0
130 167 1.0
130 169 1.0
130 170 1.0
130 173 1.0
130 177 1.0
130 178 1.0
130 181 1.0
130 182 1.0
130 193 1.0
130 195 1.0
130 196 1.0
131 134 1.0
131 135 1.0
131 140 1.0
131 141 1.0
131 145 1.0
131 153 1.0
131 157 1.0
131 163 1.0
131 165 1.0
131 167 1.0
131 169 1.0
131 170 1.0
131 173 1.0
131 177 1.0
131 178 1.0
131 181 1.0
131 182 1.0
131 186 1.0
131 189 1.0
131 191 1.0
131 192 1.0
131 193 1.0
131 195 1.0
131 196 1.0
132 154 1.0
132 155 1.0
132 166 1.0
132 179 1.0
133 134 1.0
133 158 1.0
133 178 1.0
133 194 1.0
134 138 1.0
134 153 1.0
134 158 1.0
134 161 1.0
134 165 1.0
134 167 1.0
134 170 1.0
134 178 1.0
134 186 1.0
134 188 1.0
134 194 1.0
135 136 1.0
135 137 1.0
135 139 1.0
135 140 1.0
135 141 1.0
135 142 1.0
135 143 1.0
135 145 1.0
135 146 1.0
135 148 1.0
135 149 1.0
135 150 1.0
135 157 1.0
135 160 1.0
135 161 1.0
135 162 1.0
135 163 1.0
135 166 1.0
135 167 1.0
135 169 1.0
135 170 1.0
135 171 1.0
135 173 1.0
135 174 1.0
135 176 1.0
135 177 1.0
135 181 1.0
135 182 1.0
135 183 1.0
135 184 1.0
135 187 1.0
135 189 1.0
135 190 1.0
135 191 1.0
135 192 1.0
135 193 1.0
135 195 1.0
135 196 1.0
136 152 1.0
136 157 1.0
136 167 1.0
136 187 1.0
137 144 1.0
137 146 1.0
137 148 1.0
137 154 1.0
137 166 1.0
137 168 1.0
137 171 1.0
137 172 1.0
137 177 1.0
138 161 1.0
138 178 1.0
138 188 1.0
139 146 1.0
139 148 1.0
139 152 1.0
139 154 1.0
139 155 1.0
139 166 1.0
139 168 1.0
139 171 1.0
139 172 1.0
139 175 1.0
139 183 1.0
139 188 1.0
139 190 1.0
139 197 1.0
140 141 1.0
140 150 1.0
140 157 1.0
140 170 1.0
140 173 1.0
140 191 1.0
140 194 1.0
141 142 1.0
141 148 1.0
141 149 1.0
141 157 1.0
141 160 1.0
141 163 1.0
141 167 1.0
141 170 1.0
141 173 1.0
141 184 1.0
141 192 1.0
141 195 1.0
142 173 1.0
143 146 1.0
143 148 1.0
143 152 1.0
143 171 1.0
143 173 1.0
143 197 1.0
144 166 1.0
145 150 1.0
145 167 1.0
145 170 1.0
145 174 1.0
145 176 1.0
145 182 1.0
145 189 1.0
145 191 1.0
145 192 1.0
146 148 1.0
146 152 1.0
146 155 1.0
146 166 1.0
146 168 1.0
146 171 1.0
146 172 1.0
146 173 1.0
146 175 1.0
146 183 1.0
146 188 1.0
146 190 1.0
147 152 1.0
148 149 1.0
148 152 1.0
148 154 1.0
148 155 1.0
148 159 1.0
148 162 1.0
148 166 1.0
148 168 1.0
148 171 1.0
148 172 1.0
148 173 1.0
148 175 1.0
148 177 1.0
148 180 1.0
148 183 1.0
148 188 1.0
148 190 1.0
148 193 1.0
148 194 1.0
149 150 1.0
149 157 1.0
149 160 1.0
149 163 1.0
149 169 1.0
149 177 1.0
149 184 1.0
149 185 1.0
149 191 1.0
149 193 1.0
149 194 1.0
149 195 1.0
150 157 1.0
150 176 1.0
150 184 1.0
150 189 1.0
150 191 1.0
150 192 1.0
150 194 1.0
151 156 1.0
152 162 1.0
152 166 1.0
152 167 1.0
152 171 1.0
152 180 1.0
152 197 1.0
153 165 1.0
153 167 1.0
153 169 1.0
153 170 1.0
153 178 1.0
153 186 1.0
154 155 1.0
154 166 1.0
154 177 1.0
154 179 1.0
154 188 1.0
154 190 1.0
155 166 1.0
155 168 1.0
155 171 1.0
155 172 1.0
155 175 1.0
155 188 1.0
155 190 1.0
156 179 1.0
157 160 1.0
157 163 1.0
157 167 1.0
157 169 1.0
157 170 1.0
157 173 1.0
157 177 1.0
157 182 1.0
157 185 1.0
157 187 1.0
157 191 1.0
157 193 1.0
157 194 1.0
157 195 1.0
158 194 1.0
160 163 1.0
160 185 1.0
160 191 1.0
160 193 1.0
160 195 1.0
161 178 1.0
161 186 1.0
161 187 1.0
161 188 1.0
162 166 1.0
162 171 1.0
162 172 1.0
163 169 1.0
163 173 1.0
163 177 1.0
163 181 1.0
163 185 1.0
163 191 1.0
163 193 1.0
163 194 1.0
163 195 1.0
163 196 1.0
164 184 1.0
165 167 1.0
165 170 1.0
165 182 1.0
165 186 1.0
166 168 1.0
166 171 1.0
166 172 1.0
166 175 1.0
166 183 1.0
166 188 1.0
166 190 1.0
166 197 1.0
167 169 1.0
167 170 1.0
167 178 1.0
167 186 1.0
167 189 1.0
167 191 1.0
167 192 1.0
167 193 1.0
167 194 1.0
168 171 1.0
168 172 1.0
168 175 1.0
168 188 1.0
169 173 1.0
169 174 1.0
169 177 1.0
169 181 1.0
169 182 1.0
169 191 1.0
169 193 1.0
169 194 1.0
169 195 1.0
169 196 1.0
170 173 1.0
170 186 1.0
170 189 1.0
170 191 1.0
170 192 1.0
171 172 1.0
171 175 1.0
171 183 1.0
171 188 1.0
171 190 1.0
172 175 1.0
172 183 1.0
172 188 1.0
172 190 1.0
173 177 1.0
173 181 1.0
173 191 1.0
173 193 1.0
173 196 1.0
174 176 1.0
174 182 1.0
174 189 1.0
174 191 1.0
174 192 1.0
174 193 1.0
175 183 1.0
175 188 1.0
175 191 1.0
175 197 1.0
176 182 1.0
176 189 1.0
176 191 1.0
176 192 1.0
177 181 1.0
177 191 1.0
177 193 1.0
177 194 1.0
177 195 1.0
177 196 1.0
178 182 1.0
178 188 1.0
181 182 1.0
181 193 1.0
181 196 1.0
182 189 1.0
182 191 1.0
182 192 1.0
182 193 1.0
182 195 1.0
183 190 1.0
183 197 1.0
184 191 1.0
185 191 1.0
185 193 1.0
186 187 1.0
188 190 1.0
189 191 1.0
189 192 1.0
191 192 1.0
191 193 1.0
191 194 1.0
193 194 1.0
193 195 1.0
193 196 1.0
194 195 1.0
194 196 1.0
195 196 1.0
