0 26 1.0
1 45 1.0
1 134 1.0
2 181 1.0
3 31 1.0
4 21 1.0
4 156 1.0
4 251 1.0
6 122 1.0
6 183 1.0
6 75 1.0
6 280 1.0
6 186 1.0
7 93 1.0
8 67 1.0
8 150 1.0
8 47 1.0
9 188 1.0
10 221 1.0
10 0 1.0
10 12 1.0
11 0 1.0
11 138 1.0
12 113 1.0
13 149 1.0
13 14 1.0
14 91 1.0
15 393 1.0
15 114 1.0
16 88 1.0
16 35 1.0
16 467 1.0
16 219 1.0
16 20 1.0
16 286 1.0
17 368 1.0
17 138 1.0
18 21 1.0
20 26 1.0
22 68 1.0
22 52 1.0
22 18 1.0
22 66 1.0
24 236 1.0
25 195 1.0
26 437 1.0
27 144 1.0
28 67 1.0
29 2 1.0
29 203 1.0
29 162 1.0
29 17 1.0
31 45 1.0
32 100 1.0
32 57 1.0
32 2 1.0
33 65 1.0
33 466 1.0
35 143 1.0
35 1 1.0
36 329 1.0
37 16 1.0
38 11 1.0
39 136 1.0
39 636 1.0
39 23 1.0
39 5 1.0
40 63 1.0
40 118 1.0
41 154 1.0
41 15 1.0
41 566 1.0
42 99 1.0
43 65 1.0
44 43 1.0
44 195 1.0
45 69 1.0
45 423 1.0
46 1 1.0
47 68 1.0
47 202 1.0
47 150 1.0
47 196 1.0
48 433 1.0
50 120 1.0
50 1 1.0
51 161 1.0
51 259 1.0
51 31 1.0
52 79 1.0
53 58 1.0
53 50 1.0
53 17 1.0
56 214 1.0
57 3 1.0
58 51 1.0
58 32 1.0
59 128 1.0
59 12 1.0
61 8 1.0
61 88 1.0
61 150 1.0
61 4 1.0
62 170 1.0
62 180 1.0
63 192 1.0
64 11 1.0
65 106 1.0
65 110 1.0
65 91 1.0
66 36 2.0
67 288 1.0
67 5 1.0
68 359 1.0
69 260 1.0
70 300 1.0
71 298 1.0
71 20 1.0
72 505 1.0
73 19 1.0
73 78 1.0
74 248 1.0
75 155 1.0
76 2 1.0
76 256 1.0
76 159 1.0
77 206 1.0
77 81 1.0
78 524 1.0
78 434 1.0
79 253 1.0
79 85 1.0
79 368 1.0
80 763 1.0
81 18 1.0
82 373 1.0
83 72 1.0
84 314 1.0
85 262 1.0
85 30 1.0
85 12 1.0
86 167 1.0
87 541 1.0
87 866 1.0
87 20 1.0
87 325 1.0
89 35 1.0
90 167 1.0
90 281 1.0
92 134 1.0
92 100 1.0
92 223 1.0
93 336 1.0
95 101 1.0
96 810 1.0
96 278 1.0
96 136 1.0
96 340 1.0
97 275 1.0
99 1 1.0
99 287 1.0
99 333 1.0
100 64 1.0
101 234 1.0
101 739 1.0
103 139 1.0
104 98 1.0
106 160 1.0
108 287 1.0
108 246 1.0
109 67 1.0
109 115 1.0
111 669 1.0
111 99 1.0
112 3 1.0
112 28 1.0
113 28 1.0
113 311 1.0
115 253 1.0
116 436 1.0
116 4 1.0
117 443 1.0
117 3 1.0
117 81 1.0
117 27 1.0
119 68 1.0
119 4 1.0
119 123 1.0
120 121 1.0
120 313 1.0
120 204 1.0
120 152 1.0
121 114 1.0
124 47 1.0
124 258 1.0
125 378 1.0
127 392 1.0
128 10 1.0
130 391 1.0
130 280 1.0
131 37 1.0
131 718 1.0
133 140 1.0
133 101 1.0
133 643 1.0
134 462 1.0
135 43 1.0
135 291 1.0
135 39 1.0
135 95 1.0
136 343 1.0
137 229 1.0
137 191 1.0
137 180 1.0
137 410 1.0
138 139 1.0
140 289 1.0
141 1888 1.0
142 422 1.0
142 749 1.0
142 297 1.0
144 413 1.0
144 289 1.0
146 110 1.0
146 299 1.0
147 107 1.0
147 246 1.0
147 419 1.0
147 46 1.0
147 416 1.0
149 143 2.0
149 423 1.0
149 144 1.0
150 362 1.0
151 304 1.0
153 13 1.0
153 77 1.0
153 252 1.0
154 212 1.0
155 310 1.0
156 443 1.0
156 204 1.0
156 208 1.0
157 201 1.0
158 518 1.0
159 155 1.0
159 34 1.0
159 115 1.0
161 84 1.0
162 161 1.0
163 527 1.0
163 51 1.0
163 123 1.0
164 264 1.0
164 267 1.0
165 260 1.0
165 212 1.0
166 386 1.0
167 171 1.0
167 374 1.0
168 382 1.0
168 123 1.0
168 872 1.0
170 54 1.0
170 380 1.0
171 122 1.0
171 464 1.0
171 174 1.0
171 88 1.0
171 169 1.0
172 165 1.0
172 470 1.0
173 271 1.0
174 127 1.0
174 173 1.0
175 543 1.0
175 330 1.0
175 329 1.0
176 177 1.0
176 217 1.0
176 173 1.0
177 550 1.0
177 464 1.0
178 96 1.0
179 66 1.0
180 284 1.0
180 3 1.0
180 232 1.0
181 136 1.0
182 39 1.0
182 186 1.0
183 481 1.0
184 21 1.0
184 227 1.0
184 561 1.0
184 187 1.0
186 906 1.0
186 408 1.0
186 40 1.0
189 73 1.0
189 288 1.0
189 4 1.0
190 145 1.0
190 142 1.0
190 139 1.0
191 195 1.0
192 294 1.0
192 507 1.0
192 1 1.0
192 665 1.0
193 747 1.0
193 144 1.0
194 247 1.0
194 301 1.0
194 239 1.0
195 245 1.0
196 148 1.0
196 350 1.0
198 420 1.0
199 672 1.0
199 605 1.0
200 590 1.0
201 593 1.0
202 599 1.0
202 367 1.0
205 68 1.0
206 525 1.0
206 371 1.0
206 515 1.0
207 381 1.0
207 203 1.0
208 207 1.0
208 165 1.0
210 250 1.0
212 122 1.0
212 454 1.0
213 257 1.0
214 371 1.0
214 5 1.0
214 30 1.0
214 205 1.0
215 264 1.0
215 88 1.0
215 323 1.0
218 388 1.0
218 276 1.0
218 18 1.0
219 467 1.0
224 391 1.0
224 398 1.0
224 234 1.0
224 91 1.0
225 554 1.0
225 61 1.0
227 131 1.0
227 95 1.0
227 396 1.0
228 181 1.0
229 326 1.0
229 280 1.0
230 283 1.0
231 223 1.0
231 233 1.0
231 282 1.0
232 231 1.0
232 716 1.0
232 286 1.0
232 471 1.0
234 468 1.0
235 238 1.0
235 106 1.0
236 285 1.0
236 183 1.0
236 283 1.0
236 402 1.0
237 1004 1.0
237 96 1.0
240 738 1.0
242 925 1.0
242 417 1.0
243 746 1.0
243 748 1.0
244 302 1.0
245 67 1.0
245 749 1.0
246 426 1.0
247 148 1.0
247 501 1.0
247 357 1.0
248 515 1.0
248 842 1.0
249 512 1.0
250 164 1.0
250 149 2.0
250 512 1.0
251 1031 1.0
251 591 1.0
251 844 1.0
252 592 1.0
253 124 1.0
253 366 1.0
253 756 1.0
255 602 1.0
256 163 1.0
256 681 1.0
257 450 1.0
258 207 1.0
260 954 1.0
260 316 1.0
261 265 1.0
261 688 1.0
261 694 1.0
261 378 1.0
262 681 1.0
264 532 1.0
265 122 1.0
265 215 1.0
267 269 1.0
267 56 1.0
267 546 1.0
268 383 1.0
268 214 1.0
268 320 1.0
269 787 1.0
269 171 1.0
271 394 1.0
272 554 1.0
272 331 1.0
273 620 1.0
273 275 1.0
273 328 1.0
275 974 1.0
277 335 1.0
277 227 1.0
277 64 1.0
277 232 1.0
278 185 1.0
278 334 1.0
279 476 1.0
280 93 1.0
280 229 1.0
280 288 1.0
281 333 1.0
281 235 1.0
281 558 1.0
282 630 1.0
284 729 1.0
285 347 1.0
285 558 1.0
285 134 1.0
286 561 1.0
286 335 1.0
287 181 1.0
287 408 1.0
288 401 1.0
289 646 1.0
291 418 1.0
295 69 1.0
297 739 1.0
298 141 1.0
302 145 1.0
302 420 1.0
305 422 1.0
305 438 1.0
306 301 1.0
306 507 1.0
309 249 1.0
309 310 1.0
310 253 1.0
310 304 1.0
310 250 1.0
311 850 1.0
312 525 1.0
313 208 1.0
313 526 1.0
315 374 1.0
315 696 1.0
315 687 1.0
315 385 1.0
316 787 1.0
316 536 1.0
317 169 1.0
318 125 1.0
318 698 1.0
319 692 1.0
319 384 1.0
319 268 1.0
320 369 1.0
320 169 1.0
322 614 1.0
322 704 1.0
323 384 1.0
325 217 1.0
326 34 1.0
326 474 1.0
328 461 1.0
329 465 1.0
329 391 1.0
330 630 1.0
330 616 1.0
330 317 1.0
331 223 1.0
331 231 1.0
332 222 1.0
332 172 1.0
333 329 1.0
333 467 1.0
334 336 1.0
334 177 1.0
334 399 1.0
336 471 1.0
337 476 1.0
337 479 1.0
338 133 1.0
338 893 1.0
338 564 1.0
339 719 1.0
340 406 1.0
341 560 1.0
342 568 1.0
343 641 1.0
343 817 1.0
343 186 1.0
344 567 1.0
344 137 1.0
345 347 1.0
345 816 1.0
345 299 1.0
346 330 1.0
346 651 1.0
347 655 1.0
347 903 1.0
348 303 1.0
348 486 1.0
349 299 1.0
350 67 1.0
351 344 1.0
351 354 1.0
353 832 1.0
355 143 1.0
356 735 1.0
356 411 1.0
357 151 1.0
357 23 1.0
357 113 1.0
359 507 1.0
360 425 1.0
362 305 1.0
362 435 1.0
362 503 1.0
363 205 1.0
365 4 1.0
365 440 1.0
366 530 1.0
366 456 1.0
366 371 1.0
366 255 1.0
367 937 1.0
368 117 1.0
368 761 1.0
369 259 1.0
369 258 1.0
369 520 1.0
371 2 1.0
373 773 1.0
375 941 1.0
375 858 1.0
376 380 1.0
376 692 1.0
378 382 1.0
378 450 1.0
379 168 1.0
380 536 1.0
381 536 1.0
381 32 1.0
383 456 1.0
383 614 1.0
383 702 1.0
384 88 1.0
384 209 1.0
385 386 1.0
385 545 1.0
385 379 1.0
386 268 1.0
387 457 1.0
388 704 1.0
388 321 2.0
388 378 1.0
389 327 1.0
389 880 1.0
390 458 1.0
391 389 1.0
391 551 1.0
391 616 1.0
392 472 1.0
393 397 1.0
394 789 1.0
395 2678 1.0
395 224 1.0
395 269 1.0
397 808 1.0
398 227 1.0
398 330 1.0
398 472 1.0
398 553 1.0
399 41 1.0
399 889 1.0
399 185 1.0
399 39 1.0
402 638 2.0
402 731 1.0
403 812 1.0
403 181 1.0
404 731 1.0
405 336 1.0
406 647 1.0
407 286 1.0
407 238 1.0
408 403 1.0
408 735 1.0
408 567 1.0
409 642 1.0
410 485 1.0
411 348 1.0
413 737 1.0
414 490 1.0
414 1211 1.0
414 344 1.0
415 653 1.0
415 350 1.0
415 339 1.0
416 187 1.0
416 493 1.0
416 736 1.0
417 195 1.0
418 69 1.0
418 826 1.0
419 581 1.0
419 298 1.0
421 492 1.0
421 500 1.0
422 294 1.0
423 500 1.0
425 589 1.0
426 758 1.0
426 198 1.0
426 500 1.0
426 148 1.0
426 362 1.0
428 503 1.0
428 143 1.0
429 421 1.0
429 75 1.0
429 752 1.0
430 593 1.0
431 679 1.0
432 500 1.0
433 250 1.0
434 590 1.0
435 254 1.0
435 113 1.0
436 508 1.0
437 763 1.0
438 431 1.0
438 206 1.0
438 672 1.0
438 437 1.0
439 521 1.0
439 598 1.0
441 371 1.0
442 683 1.0
443 765 1.0
443 206 1.0
445 512 1.0
446 947 1.0
446 1239 1.0
447 367 1.0
447 446 1.0
447 768 1.0
447 523 1.0
449 1245 1.0
450 954 1.0
450 161 1.0
450 526 1.0
450 378 1.0
451 210 1.0
452 77 1.0
453 455 1.0
456 458 1.0
456 212 1.0
456 543 1.0
457 704 1.0
458 457 1.0
459 538 1.0
460 1051 1.0
460 378 1.0
461 550 1.0
462 619 1.0
462 790 1.0
462 392 1.0
463 326 1.0
463 272 1.0
463 619 1.0
465 459 1.0
465 619 1.0
465 554 1.0
466 390 1.0
466 718 1.0
467 970 1.0
467 628 1.0
469 275 1.0
469 888 1.0
469 552 1.0
469 467 1.0
470 333 1.0
470 180 1.0
471 337 1.0
471 468 1.0
472 718 1.0
472 891 1.0
473 280 1.0
474 637 1.0
474 557 1.0
475 809 1.0
477 634 1.0
477 886 1.0
477 1062 1.0
479 234 1.0
481 1396 1.0
481 486 1.0
482 567 1.0
483 990 1.0
484 654 1.0
484 481 1.0
485 340 1.0
485 647 1.0
486 907 1.0
486 733 1.0
487 914 1.0
487 649 1.0
488 239 1.0
489 739 1.0
489 1087 1.0
490 1002 1.0
490 494 1.0
490 416 1.0
490 406 1.0
491 822 1.0
491 827 1.0
491 571 1.0
494 416 1.0
494 569 1.0
494 994 1.0
494 1096 1.0
496 922 1.0
497 661 1.0
497 192 1.0
498 357 1.0
498 251 1.0
498 585 1.0
500 1107 1.0
500 756 1.0
501 421 1.0
503 246 1.0
503 510 1.0
505 665 1.0
505 498 1.0
508 12 1.0
508 580 1.0
509 752 1.0
509 422 1.0
509 250 1.0
509 764 1.0
510 586 1.0
510 509 1.0
512 441 1.0
513 505 1.0
513 1225 1.0
513 850 1.0
514 839 1.0
515 597 1.0
516 678 1.0
517 253 1.0
517 1116 1.0
517 595 1.0
518 364 1.0
518 853 1.0
519 1345 1.0
520 526 1.0
520 441 1.0
521 456 1.0
521 1579 1.0
524 600 1.0
525 374 1.0
527 768 1.0
527 365 1.0
528 952 1.0
528 21 1.0
528 370 1.0
528 262 1.0
529 257 1.0
530 533 1.0
530 863 1.0
531 373 1.0
533 384 1.0
533 165 1.0
533 778 1.0
534 213 1.0
534 378 1.0
534 780 1.0
535 374 1.0
536 787 1.0
537 466 1.0
537 540 1.0
538 694 1.0
540 533 1.0
540 877 1.0
540 538 1.0
542 550 1.0
543 613 1.0
544 613 1.0
545 1161 1.0
546 869 1.0
546 545 1.0
548 321 1.0
548 706 1.0
549 331 1.0
550 880 1.0
551 389 1.0
551 881 1.0
551 554 1.0
552 472 1.0
554 799 1.0
555 468 1.0
555 473 1.0
557 465 1.0
557 232 1.0
558 807 1.0
559 285 1.0
559 629 1.0
560 1069 1.0
560 640 1.0
561 229 1.0
562 345 1.0
563 731 1.0
565 653 1.0
566 277 1.0
567 287 1.0
567 485 1.0
567 296 1.0
568 903 1.0
569 296 1.0
569 916 1.0
570 743 1.0
570 347 1.0
570 1211 1.0
570 355 1.0
573 742 1.0
575 302 1.0
575 79 1.0
575 917 1.0
575 660 1.0
576 1011 1.0
577 419 1.0
578 512 1.0
578 750 1.0
579 583 1.0
580 926 1.0
582 361 1.0
582 501 1.0
583 665 1.0
583 307 1.0
583 1420 1.0
583 588 1.0
584 423 1.0
584 919 1.0
585 299 1.0
585 1222 1.0
587 582 1.0
588 1022 1.0
589 577 1.0
589 753 1.0
589 842 1.0
589 429 1.0
590 587 1.0
591 502 1.0
593 435 1.0
593 246 1.0
594 1122 1.0
597 1685 1.0
597 259 1.0
598 1688 1.0
598 682 1.0
598 603 1.0
598 448 1.0
598 769 1.0
599 844 1.0
600 1129 1.0
600 208 1.0
601 521 2.0
602 1028 1.0
603 373 1.0
603 112 1.0
604 444 1.0
604 1038 1.0
606 528 1.0
606 603 1.0
606 768 1.0
608 859 1.0
608 1350 1.0
610 868 1.0
610 863 1.0
610 1250 1.0
611 212 1.0
611 698 1.0
612 687 1.0
612 548 1.0
612 323 1.0
614 272 1.0
614 538 1.0
614 786 1.0
614 322 1.0
615 1262 1.0
615 463 1.0
615 1599 1.0
616 967 1.0
617 791 1.0
618 550 1.0
618 617 1.0
618 546 1.0
619 794 1.0
620 1169 1.0
620 617 1.0
620 271 1.0
620 715 1.0
621 800 1.0
622 465 1.0
623 628 1.0
625 1173 1.0
625 800 1.0
625 557 1.0
625 476 1.0
627 557 1.0
627 472 1.0
628 720 1.0
628 887 1.0
629 891 1.0
629 720 1.0
629 635 1.0
629 977 1.0
629 880 1.0
630 1062 1.0
630 971 1.0
630 1065 1.0
632 976 1.0
632 1069 1.0
632 1278 1.0
632 468 1.0
633 1283 1.0
633 628 1.0
635 976 1.0
636 342 1.0
636 478 1.0
637 339 1.0
639 719 1.0
639 279 1.0
641 280 1.0
643 400 1.0
643 482 1.0
646 562 1.0
647 564 1.0
648 823 1.0
648 347 1.0
649 737 1.0
651 483 1.0
652 1410 1.0
655 1531 1.0
655 821 1.0
655 351 1.0
657 656 1.0
657 348 1.0
658 501 1.0
659 1001 1.0
660 494 1.0
661 1087 1.0
661 1103 1.0
661 832 2.0
662 668 1.0
662 1108 1.0
662 746 1.0
663 735 1.0
664 1213 1.0
667 581 1.0
667 1218 1.0
667 303 1.0
668 358 1.0
669 503 1.0
669 433 1.0
669 668 1.0
669 840 1.0
670 678 1.0
670 423 1.0
671 1107 1.0
671 932 1.0
672 1221 1.0
673 1018 1.0
674 758 1.0
674 506 1.0
675 307 1.0
675 931 1.0
675 679 1.0
675 513 1.0
676 440 1.0
676 1441 1.0
677 755 1.0
678 677 1.0
678 757 1.0
678 437 1.0
679 846 1.0
679 751 1.0
681 205 1.0
681 513 1.0
683 601 1.0
683 602 1.0
684 441 1.0
684 857 1.0
685 944 1.0
685 773 1.0
686 209 1.0
686 519 1.0
686 855 1.0
687 1240 1.0
688 1449 1.0
688 776 1.0
689 609 1.0
690 381 1.0
690 317 1.0
690 859 1.0
690 535 1.0
691 375 1.0
691 954 1.0
693 772 1.0
693 369 1.0
693 953 1.0
694 1143 1.0
694 867 1.0
695 315 1.0
696 775 1.0
697 864 1.0
697 261 1.0
699 262 1.0
699 701 1.0
700 1158 1.0
700 453 1.0
701 786 1.0
702 957 1.0
702 703 1.0
703 788 1.0
703 699 1.0
703 457 1.0
704 783 1.0
704 172 1.0
704 537 1.0
705 1259 1.0
705 613 1.0
706 549 1.0
706 324 1.0
706 691 1.0
706 955 1.0
707 963 1.0
709 964 1.0
712 968 1.0
712 552 1.0
713 1058 1.0
714 1266 1.0
716 885 1.0
716 474 1.0
716 970 1.0
717 556 1.0
717 470 1.0
718 330 1.0
718 1174 1.0
718 397 1.0
719 805 1.0
720 1623 1.0
724 640 1.0
725 729 1.0
725 403 1.0
725 728 1.0
727 338 1.0
728 645 1.0
729 641 1.0
729 1187 1.0
729 405 1.0
730 640 1.0
730 565 1.0
731 898 1.0
732 986 1.0
733 905 1.0
735 656 1.0
735 817 1.0
735 1003 1.0
736 1298 1.0
736 644 1.0
738 819 1.0
739 299 1.0
739 652 1.0
739 293 1.0
740 489 1.0
742 489 1.0
742 297 1.0
743 571 1.0
745 583 1.0
746 917 1.0
746 579 1.0
746 1418 1.0
747 574 1.0
747 830 1.0
748 1004 1.0
748 669 1.0
748 744 1.0
749 1013 1.0
751 496 1.0
751 420 1.0
751 926 1.0
751 580 1.0
751 918 1.0
752 753 1.0
752 500 1.0
752 668 1.0
752 1020 1.0
752 107 1.0
753 670 1.0
753 750 1.0
754 1788 1.0
754 497 1.0
756 432 1.0
756 508 1.0
756 839 1.0
756 579 1.0
757 679 1.0
758 436 1.0
759 1121 1.0
760 935 1.0
760 759 1.0
760 843 1.0
761 1029 1.0
761 764 1.0
761 1130 1.0
763 1124 1.0
763 946 1.0
763 760 1.0
764 447 1.0
764 514 1.0
764 851 1.0
765 933 1.0
766 519 1.0
766 441 1.0
767 1238 1.0
768 2287 1.0
768 863 1.0
769 1143 1.0
772 527 1.0
772 366 1.0
773 600 1.0
774 375 1.0
774 854 1.0
774 451 1.0
774 1237 1.0
775 689 1.0
776 950 1.0
776 696 1.0
777 688 1.0
777 370 1.0
777 543 1.0
778 696 1.0
778 524 1.0
778 697 1.0
779 541 1.0
780 453 1.0
780 1047 1.0
782 783 1.0
782 318 1.0
782 955 1.0
784 614 1.0
784 700 1.0
784 958 1.0
784 866 1.0
785 1155 1.0
787 319 1.0
788 617 1.0
788 1053 1.0
789 1170 1.0
789 1055 1.0
792 1366 1.0
794 1163 1.0
794 711 1.0
795 1267 1.0
796 624 1.0
796 715 1.0
796 621 1.0
797 1603 1.0
797 802 2.0
797 715 1.0
798 1165 1.0
798 977 1.0
798 622 1.0
798 631 1.0
798 1063 1.0
799 469 1.0
800 796 1.0
800 1277 1.0
803 473 1.0
803 804 1.0
804 1270 1.0
804 283 1.0
805 474 1.0
806 632 1.0
806 1067 1.0
808 478 1.0
808 1065 1.0
809 635 1.0
809 721 1.0
809 1067 1.0
812 803 1.0
812 639 1.0
813 896 1.0
813 282 1.0
813 479 1.0
815 723 1.0
815 1191 1.0
816 817 1.0
817 1197 1.0
817 989 1.0
818 643 1.0
818 1405 1.0
818 1528 1.0
818 990 1.0
819 736 1.0
820 994 1.0
821 568 1.0
822 1199 1.0
822 351 1.0
822 1210 1.0
823 244 1.0
823 494 1.0
823 1205 1.0
824 822 1.0
824 743 1.0
824 1002 1.0
825 991 1.0
825 487 1.0
825 489 1.0
826 916 1.0
827 1010 1.0
827 358 1.0
828 494 1.0
828 1206 1.0
828 911 1.0
829 661 1.0
829 490 1.0
830 1008 1.0
831 1007 1.0
833 348 1.0
833 576 1.0
833 1412 1.0
833 1546 1.0
834 925 1.0
834 295 1.0
835 1419 1.0
835 922 1.0
835 1100 1.0
836 1012 1.0
836 580 2.0
838 1216 1.0
839 840 1.0
840 504 1.0
840 753 1.0
840 428 1.0
840 841 1.0
841 680 1.0
843 1333 1.0
843 1433 1.0
844 1229 1.0
845 511 1.0
845 1024 1.0
847 1127 1.0
849 850 1.0
849 1118 1.0
849 1447 1.0
849 762 1.0
850 446 1.0
850 761 1.0
851 1230 1.0
851 1229 1.0
851 2061 1.0
852 440 1.0
855 449 1.0
856 941 1.0
857 1033 1.0
857 1580 1.0
857 1138 1.0
858 1041 1.0
859 605 1.0
859 1236 1.0
861 1356 1.0
861 216 1.0
861 1352 1.0
862 822 1.0
862 1050 1.0
863 1155 1.0
864 703 1.0
864 1141 1.0
864 959 1.0
866 1152 1.0
866 615 1.0
866 1151 1.0
866 534 1.0
867 953 1.0
869 864 1.0
869 2190 1.0
869 369 1.0
871 524 1.0
871 877 1.0
871 875 1.0
871 266 1.0
873 703 1.0
874 782 1.0
874 700 1.0
876 1155 1.0
877 461 1.0
877 1057 1.0
878 615 1.0
879 798 1.0
880 625 1.0
881 714 1.0
882 714 1.0
882 1373 1.0
883 788 1.0
883 462 1.0
884 617 1.0
884 623 1.0
885 1374 1.0
886 721 1.0
886 228 1.0
886 1271 1.0
887 1853 1.0
887 625 1.0
887 553 1.0
888 476 1.0
888 469 1.0
888 971 1.0
891 1385 1.0
892 886 1.0
893 892 1.0
893 1510 1.0
893 1077 1.0
894 637 1.0
894 559 1.0
895 980 1.0
895 803 1.0
896 479 1.0
896 563 1.0
896 1066 1.0
897 479 1.0
898 901 1.0
899 642 1.0
900 1293 1.0
900 1396 1.0
902 1196 1.0
902 410 1.0
904 1200 1.0
905 907 1.0
905 1195 1.0
906 1204 1.0
906 406 1.0
908 997 1.0
908 904 1.0
908 828 1.0
908 572 1.0
909 738 1.0
909 734 1.0
909 1301 1.0
910 824 1.0
910 909 1.0
911 1410 1.0
911 919 1.0
912 491 1.0
912 825 1.0
912 992 1.0
913 912 2.0
913 915 1.0
914 492 1.0
915 1307 1.0
916 570 1.0
916 1301 1.0
917 661 1.0
917 829 1.0
919 918 1.0
919 1311 1.0
921 1100 1.0
921 749 1.0
921 1548 1.0
922 921 1.0
922 1216 1.0
924 1308 1.0
925 1214 1.0
927 1016 1.0
928 839 1.0
929 2144 1.0
929 360 1.0
929 1223 1.0
929 587 1.0
930 1111 1.0
930 1225 1.0
932 1111 1.0
934 364 1.0
935 944 1.0
936 851 1.0
939 1033 1.0
940 946 1.0
940 1032 1.0
941 602 1.0
942 606 1.0
942 1139 1.0
942 852 1.0
943 1943 1.0
945 854 1.0
946 599 1.0
946 856 1.0
947 1341 1.0
948 607 1.0
948 1454 1.0
948 766 1.0
948 943 1.0
949 859 1.0
950 951 1.0
950 772 1.0
951 860 1.0
951 604 1.0
952 1593 1.0
953 777 1.0
953 858 1.0
954 1137 1.0
954 1145 1.0
954 1587 1.0
956 1052 1.0
956 1718 1.0
957 167 1.0
959 1050 1.0
960 957 1.0
960 1366 1.0
961 1258 1.0
961 610 1.0
961 615 1.0
963 1162 1.0
964 539 1.0
964 1841 1.0
966 1845 1.0
967 463 1.0
967 1470 1.0
967 395 1.0
969 882 1.0
970 1622 1.0
970 711 1.0
971 1059 1.0
972 621 1.0
973 889 1.0
973 635 1.0
974 804 1.0
974 715 1.0
977 1062 1.0
977 720 1.0
978 974 1.0
980 472 1.0
980 901 1.0
981 1284 1.0
981 1072 1.0
981 1628 1.0
983 1389 1.0
983 1183 1.0
983 1395 1.0
983 1191 1.0
983 899 1.0
985 895 2.0
986 1072 1.0
987 991 1.0
988 649 1.0
989 903 1.0
989 1197 1.0
990 1397 2.0
990 816 1.0
990 1084 1.0
991 987 1.0
992 903 1.0
992 1086 1.0
993 1194 1.0
993 656 1.0
994 1528 1.0
996 909 1.0
996 486 1.0
997 737 1.0
997 738 1.0
998 653 1.0
1000 416 1.0
1001 1303 1.0
1003 1529 1.0
1004 739 1.0
1006 1007 1.0
1007 1207 1.0
1008 1536 1.0
1009 1536 1.0
1011 745 1.0
1011 826 1.0
1011 1212 1.0
1012 1778 1.0
1012 1787 1.0
1012 1217 1.0
1012 1664 1.0
1012 1312 1.0
1013 1220 1.0
1013 1209 1.0
1013 1015 1.0
1014 1544 1.0
1016 1013 1.0
1016 930 1.0
1018 838 1.0
1018 1426 1.0
1018 1670 1.0
1018 1101 1.0
1020 920 1.0
1021 757 1.0
1021 1109 1.0
1021 1111 1.0
1024 1224 1.0
1025 1024 1.0
1026 842 1.0
1026 1113 1.0
1027 1678 1.0
1028 849 1.0
1030 1927 1.0
1030 849 1.0
1030 680 1.0
1030 760 1.0
1032 1039 1.0
1032 941 1.0
1033 1345 1.0
1033 938 1.0
1034 1686 1.0
1034 1578 1.0
1034 1038 1.0
1035 941 1.0
1036 682 1.0
1038 1236 1.0
1038 937 1.0
1039 766 1.0
1041 1140 1.0
1041 1147 1.0
1042 1147 1.0
1042 1835 1.0
1043 1580 1.0
1043 1041 1.0
1044 942 1.0
1045 1461 1.0
1045 610 1.0
1045 773 1.0
1046 1248 1.0
1047 1251 1.0
1050 784 1.0
1050 1252 1.0
1051 700 1.0
1051 706 1.0
1057 1485 1.0
1057 1607 1.0
1058 1373 1.0
1058 791 1.0
1059 1271 1.0
1060 1484 1.0
1060 887 1.0
1065 971 1.0
1065 1379 1.0
1066 810 1.0
1066 1067 1.0
1066 555 1.0
1067 1283 1.0
1069 1861 1.0
1069 1391 1.0
1070 896 1.0
1072 2003 1.0
1073 983 1.0
1073 1079 1.0
1073 1284 1.0
1074 898 1.0
1078 2017 1.0
1078 1287 1.0
1079 1078 1.0
1081 1288 1.0
1081 1293 1.0
1081 816 1.0
1082 1527 1.0
1082 1396 1.0
1083 1206 1.0
1085 2862 1.0
1086 994 1.0
1086 404 1.0
1086 906 1.0
1086 1201 1.0
1086 1207 1.0
1087 1653 1.0
1088 993 1.0
1088 1295 1.0
1089 822 1.0
1091 914 1.0
1092 923 1.0
1094 668 1.0
1095 1536 1.0
1095 1418 1.0
1096 1543 1.0
1096 1097 1.0
1097 666 1.0
1097 833 1.0
1098 1415 1.0
1099 1020 1.0
1100 2250 1.0
1100 926 1.0
1100 585 1.0
1101 1105 1.0
1101 1321 1.0
1101 1012 1.0
1101 587 1.0
1101 1316 1.0
1103 1419 1.0
1103 673 1.0
1106 1103 1.0
1106 1323 1.0
1106 754 1.0
1106 1425 1.0
1107 833 1.0
1108 837 1.0
1108 1319 1.0
1108 842 1.0
1108 1325 1.0
1108 1021 1.0
1109 1021 1.0
1111 1433 1.0
1112 1022 1.0
1112 1329 1.0
1113 1103 1.0
1113 674 1.0
1114 1025 1.0
1115 1328 1.0
1116 1118 1.0
1116 1023 1.0
1116 1322 1.0
1117 1125 1.0
1118 1681 1.0
1119 1116 1.0
1119 1114 1.0
1119 758 1.0
1121 1126 1.0
1123 1442 1.0
1125 844 1.0
1125 842 1.0
1125 1440 1.0
1126 676 1.0
1126 1811 1.0
1127 1129 1.0
1127 1126 1.0
1128 765 1.0
1128 1129 1.0
1131 1034 1.0
1133 1574 1.0
1133 1122 1.0
1134 1228 1.0
1136 1450 1.0
1136 947 1.0
1137 1037 1.0
1138 1338 1.0
1140 1452 1.0
1140 2067 1.0
1141 2281 1.0
1141 774 1.0
1142 1244 1.0
1142 1037 1.0
1143 1593 1.0
1144 868 1.0
1144 864 1.0
1146 261 1.0
1146 1149 1.0
1146 1835 1.0
1148 1952 1.0
1149 1836 1.0
1149 690 1.0
1149 860 1.0
1150 532 1.0
1151 1052 1.0
1152 868 1.0
1152 1348 1.0
1152 1047 1.0
1152 780 1.0
1152 1716 1.0
1154 958 1.0
1155 1353 1.0
1155 2081 1.0
1156 1152 1.0
1156 1260 1.0
1157 709 1.0
1158 1363 1.0
1158 1463 1.0
1159 2297 1.0
1159 1364 1.0
1159 324 1.0
1160 1158 1.0
1160 1457 1.0
1163 961 1.0
1163 534 1.0
1163 1161 1.0
1165 1368 1.0
1165 548 1.0
1166 1482 1.0
1167 1606 1.0
1167 1160 1.0
1168 1166 1.0
1168 2097 1.0
1169 1170 1.0
1169 881 1.0
1170 1059 1.0
1171 1732 1.0
1172 1617 1.0
1174 622 1.0
1174 1173 1.0
1177 1275 1.0
1178 1065 1.0
1180 894 1.0
1181 1510 1.0
1182 898 1.0
1182 1073 1.0
1183 1287 1.0
1183 979 1.0
1184 1186 1.0
1185 1508 1.0
1185 1750 1.0
1185 1871 1.0
1187 1287 1.0
1187 1068 1.0
1187 1183 1.0
1187 1394 1.0
1189 1181 1.0
1189 1392 1.0
1190 1185 1.0
1190 1748 1.0
1191 1641 1.0
1192 1395 1.0
1193 2017 1.0
1194 1289 1.0
1195 1003 1.0
1196 1202 1.0
1196 732 1.0
1196 1192 1.0
1198 904 1.0
1198 1524 1.0
1202 653 1.0
1202 737 1.0
1203 1882 1.0
1205 2864 1.0
1206 829 1.0
1208 1093 1.0
1208 2242 1.0
1208 1662 1.0
1209 1010 1.0
1209 1526 1.0
1209 1208 1.0
1212 1209 1.0
1214 1015 1.0
1215 1103 1.0
1216 671 1.0
1216 747 1.0
1218 1220 1.0
1219 2042 1.0
1220 1103 1.0
1221 1314 1.0
1221 1318 1.0
1221 1669 1.0
1221 1102 1.0
1221 1109 1.0
1222 1020 1.0
1222 1555 1.0
1222 1318 1.0
1222 2629 1.0
1222 1115 1.0
1223 505 1.0
1224 1323 1.0
1224 1110 1.0
1228 1573 1.0
1228 1132 1.0
1229 943 1.0
1230 1342 1.0
1230 1240 1.0
1231 598 1.0
1231 1134 1.0
1232 1808 1.0
1232 845 1.0
1233 1041 1.0
1233 1691 1.0
1233 1577 1.0
1234 1941 1.0
1235 1143 1.0
1235 1449 1.0
1236 1337 1.0
1237 449 1.0
1239 1346 1.0
1239 1825 1.0
1241 1696 1.0
1242 1038 1.0
1242 953 1.0
1243 950 1.0
1245 1702 1.0
1246 1251 1.0
1246 1243 1.0
1248 1048 1.0
1248 1453 2.0
1248 1356 1.0
1248 1151 1.0
1249 1146 1.0
1250 2296 1.0
1251 703 1.0
1251 870 1.0
1251 1249 1.0
1253 1719 1.0
1253 1841 1.0
1254 1716 1.0
1254 1354 1.0
1256 1721 1.0
1257 785 1.0
1257 1464 1.0
1258 1370 1.0
1258 1463 1.0
1258 541 1.0
1258 2199 1.0
1258 2300 1.0
1259 1158 1.0
1260 1257 1.0
1261 1598 1.0
1261 459 1.0
1262 1368 1.0
1262 1054 1.0
1265 1054 1.0
1266 1612 1.0
1266 966 1.0
1268 716 1.0
1268 1174 1.0
1269 1276 1.0
1270 1381 1.0
1270 1613 1.0
1271 1616 1.0
1271 1385 1.0
1273 804 1.0
1273 1480 1.0
1273 795 1.0
1274 1741 1.0
1275 886 1.0
1276 974 1.0
1276 1280 1.0
1276 1739 1.0
1277 2099 1.0
1277 1175 1.0
1277 1178 1.0
1278 1498 1.0
1279 1387 1.0
1280 2584 1.0
1280 971 1.0
1283 1627 1.0
1287 1869 1.0
1288 983 1.0
1289 814 1.0
1290 1288 1.0
1291 1190 1.0
1291 1400 1.0
1292 1191 1.0
1294 1196 1.0
1295 1882 1.0
1297 992 1.0
1298 1532 1.0
1298 1407 1.0
1299 1771 1.0
1299 2238 1.0
1300 2124 1.0
1300 1212 1.0
1302 1208 1.0
1302 1007 1.0
1303 1003 2.0
1303 1308 1.0
1303 2239 1.0
1304 1667 1.0
1304 1900 1.0
1305 1096 1.0
1305 749 1.0
1306 829 1.0
1307 1905 1.0
1307 1414 1.0
1307 748 1.0
1307 1302 1.0
1308 1207 1.0
1308 1536 1.0
1309 1547 1.0
1310 1779 1.0
1311 1313 1.0
1311 746 1.0
1311 1419 1.0
1311 1306 1.0
1312 1014 1.0
1313 1421 1.0
1313 1549 1.0
1314 927 2.0
1315 579 1.0
1316 1105 1.0
1317 1014 1.0
1317 922 1.0
1318 1784 1.0
1318 1102 1.0
1319 1116 1.0
1319 1221 1.0
1319 1223 1.0
1319 1317 1.0
1319 1110 1.0
1320 1671 1.0
1320 1549 1.0
1321 1021 1.0
1322 1424 1.0
1322 1555 1.0
1322 1427 1.0
1323 1555 1.0
1324 1428 1.0
1324 1923 1.0
1324 2257 1.0
1325 1119 1.0
1325 2046 1.0
1326 1334 1.0
1326 842 1.0
1326 1327 1.0
1327 1432 1.0
1327 1431 1.0
1327 1224 1.0
1328 1560 1.0
1328 1427 1.0
1328 1323 1.0
1331 1439 1.0
1331 1024 1.0
1332 1440 1.0
1333 1120 1.0
1334 1336 1.0
1335 1129 1.0
1337 1441 1.0
1337 1689 1.0
1338 2059 1.0
1340 1228 1.0
1341 1816 1.0
1342 2058 1.0
1342 1572 1.0
1344 1143 1.0
1344 1236 1.0
1345 1243 1.0
1348 1710 1.0
1349 690 1.0
1349 1234 1.0
1350 1703 1.0
1351 2401 1.0
1351 1038 1.0
1352 863 1.0
1352 1042 1.0
1352 951 1.0
1352 1942 1.0
1353 1709 1.0
1355 1598 1.0
1356 1718 1.0
1356 1960 1.0
1357 1255 1.0
1360 1722 1.0
1361 1052 1.0
1363 1728 1.0
1365 1483 1.0
1365 1370 1.0
1366 1364 1.0
1366 1367 1.0
1367 1259 1.0
1367 1598 1.0
1367 1845 1.0
1369 1477 1.0
1370 799 1.0
1370 1258 1.0
1372 2556 1.0
1372 1261 1.0
1373 1366 1.0
1374 1165 1.0
1374 1490 1.0
1374 1263 1.0
1375 1373 1.0
1376 1607 1.0
1376 1736 1.0
1377 1477 1.0
1377 2096 1.0
1378 1175 1.0
1378 1177 1.0
1378 1621 1.0
1380 1491 1.0
1382 1620 1.0
1382 557 1.0
1382 1497 1.0
1383 1495 1.0
1383 1069 1.0
1384 1742 1.0
1384 1619 1.0
1385 1067 1.0
1385 1505 1.0
1387 1388 1.0
1389 1512 1.0
1389 2010 1.0
1389 1630 1.0
1390 1746 1.0
1390 1388 1.0
1390 1285 1.0
1393 1281 1.0
1394 1283 1.0
1395 1754 1.0
1396 1516 1.0
1397 1194 1.0
1397 1752 1.0
1398 899 1.0
1398 2228 1.0
1402 1523 1.0
1403 1194 1.0
1404 1405 1.0
1406 1647 1.0
1407 822 1.0
1407 1213 1.0
1407 993 1.0
1407 1204 1.0
1410 2350 1.0
1411 2725 1.0
1412 496 1.0
1412 1093 1.0
1412 1410 1.0
1413 2126 1.0
1413 1217 1.0
1415 832 1.0
1415 2620 1.0
1416 1546 1.0
1417 1319 1.0
1417 1094 1.0
1418 1415 1.0
1418 1310 1.0
1419 1317 1.0
1421 1424 1.0
1421 1663 1.0
1422 1668 1.0
1423 1425 1.0
1424 674 1.0
1424 1314 1.0
1425 1796 1.0
1425 1112 1.0
1426 1424 1.0
1426 1422 1.0
1426 1102 1.0
1427 1326 1.0
1427 1322 1.0
1428 2260 1.0
1430 1674 1.0
1430 1326 1.0
1430 1787 1.0
1434 1675 1.0
1434 2049 1.0
1435 1567 1.0
1435 1797 1.0
1435 1909 1.0
1435 1437 1.0
1435 1114 1.0
1436 1438 1.0
1436 1561 1.0
1437 1679 1.0
1437 1113 1.0
1438 2152 1.0
1438 1427 1.0
1439 1228 1.0
1439 2050 1.0
1441 1562 1.0
1443 1115 1.0
1447 1941 1.0
1448 1345 1.0
1449 1446 1.0
1450 1577 1.0
1450 1140 1.0
1451 1243 1.0
1451 1578 1.0
1452 1706 1.0
1453 1157 1.0
1453 2190 1.0
1455 1148 1.0
1455 768 1.0
1455 1459 1.0
1455 1453 1.0
1457 2079 1.0
1459 1241 1.0
1459 1828 1.0
1460 1252 1.0
1461 1257 1.0
1461 1837 1.0
1462 1590 1.0
1465 1253 1.0
1466 1165 1.0
1468 1971 1.0
1470 1473 1.0
1470 2092 1.0
1471 1725 1.0
1471 1264 1.0
1473 964 1.0
1474 1263 1.0
1475 1597 1.0
1475 1472 1.0
1475 2083 1.0
1476 1973 1.0
1476 1368 1.0
1477 1973 1.0
1477 1974 1.0
1478 966 1.0
1478 1170 1.0
1479 1973 1.0
1480 1607 1.0
1480 1375 1.0
1480 790 1.0
1480 1365 1.0
1482 1469 1.0
1483 1604 1.0
1483 1375 1.0
1485 1174 1.0
1486 1270 1.0
1486 1607 1.0
1489 1979 1.0
1489 2213 1.0
1490 1497 1.0
1490 966 1.0
1490 1492 1.0
1490 1277 1.0
1490 1617 1.0
1490 2093 1.0
1491 1376 1.0
1491 1378 1.0
1492 2215 1.0
1492 1276 1.0
1495 2314 1.0
1496 971 1.0
1496 1178 1.0
1496 2573 1.0
1498 893 1.0
1500 1505 1.0
1500 1384 1.0
1500 1627 1.0
1501 1996 1.0
1502 1506 1.0
1502 1628 1.0
1503 1746 1.0
1505 1508 1.0
1505 1631 1.0
1506 1067 1.0
1507 2006 1.0
1508 1185 1.0
1509 1625 1.0
1510 1390 1.0
1510 1501 1.0
1510 1075 1.0
1511 1398 1.0
1511 1750 1.0
1512 1188 1.0
1512 898 1.0
1512 984 1.0
1513 1189 1.0
1514 1635 1.0
1514 1392 1.0
1514 1188 1.0
1515 1513 1.0
1517 980 1.0
1518 1285 1.0
1520 2113 1.0
1520 1290 1.0
1520 1643 1.0
1521 2232 1.0
1522 1395 1.0
1522 1294 1.0
1522 817 1.0
1523 2013 1.0
1523 1516 1.0
1523 989 1.0
1525 2468 1.0
1526 1086 1.0
1527 1523 1.0
1528 1089 1.0
1528 733 1.0
1529 1523 1.0
1531 1645 1.0
1531 2617 1.0
1533 1538 1.0
1533 1534 1.0
1535 1005 1.0
1535 1658 1.0
1535 1530 1.0
1535 2241 1.0
1536 1007 1.0
1536 2239 1.0
1537 1540 1.0
1538 818 1.0
1538 1217 1.0
1538 1655 1.0
1539 1007 1.0
1540 1309 1.0
1540 1531 1.0
1541 1410 1.0
1542 1892 1.0
1543 1534 1.0
1545 1666 1.0
1546 1213 1.0
1548 1311 1.0
1549 1665 1.0
1549 1664 1.0
1552 2043 1.0
1553 2043 1.0
1554 1915 1.0
1554 1674 1.0
1554 1792 1.0
1555 1923 1.0
1555 1553 1.0
1556 1924 1.0
1557 1798 1.0
1559 1678 1.0
1559 1331 1.0
1560 1798 1.0
1561 1927 1.0
1561 1569 1.0
1562 1682 1.0
1563 1333 1.0
1563 1562 1.0
1564 1561 1.0
1564 1569 1.0
1564 1814 1.0
1565 1446 1.0
1566 1563 1.0
1566 1569 1.0
1566 1568 1.0
1567 1565 1.0
1568 1929 1.0
1568 1441 1.0
1569 1566 1.0
1569 1806 1.0
1570 1562 1.0
1571 1563 1.0
1571 2279 1.0
1572 1133 1.0
1573 1938 1.0
1573 1940 1.0
1575 1938 1.0
1577 1693 1.0
1577 1585 1.0
1579 1943 1.0
1580 1343 1.0
1580 1691 1.0
1580 440 1.0
1581 1343 1.0
1583 2074 1.0
1585 1579 1.0
1585 2183 1.0
1585 1704 1.0
1585 2178 1.0
1586 1240 1.0
1588 2536 1.0
1589 1594 1.0
1590 1836 1.0
1593 1951 1.0
1593 1453 1.0
1593 1964 1.0
1594 1717 1.0
1595 1462 1.0
1595 1458 1.0
1596 1723 1.0
1596 2196 1.0
1597 1964 1.0
1597 1160 1.0
1598 2294 1.0
1599 1969 1.0
1600 1713 1.0
1601 791 1.0
1603 1262 1.0
1603 1169 1.0
1603 1370 1.0
1603 1361 1.0
1604 1971 1.0
1605 2563 1.0
1606 1604 1.0
1607 2094 1.0
1608 1278 1.0
1609 1376 1.0
1610 1267 1.0
1610 1612 1.0
1611 1735 1.0
1613 1176 1.0
1614 799 1.0
1615 2208 1.0
1615 1491 1.0
1616 1062 1.0
1617 1614 1.0
1617 1063 1.0
1619 1741 1.0
1619 1500 1.0
1619 2101 1.0
1621 1992 1.0
1621 1283 1.0
1623 1495 1.0
1623 1746 1.0
1623 1741 1.0
1625 2107 1.0
1625 1505 1.0
1626 1627 1.0
1627 1619 1.0
1629 1628 1.0
1631 2219 1.0
1632 1184 1.0
1632 1391 1.0
1633 1868 2.0
1633 1626 1.0
1634 900 1.0
1635 2115 1.0
1636 1081 1.0
1637 1638 1.0
1637 1636 1.0
1639 1882 1.0
1639 1752 1.0
1640 1518 1.0
1640 1398 1.0
1640 1295 1.0
1640 1287 1.0
1641 1195 1.0
1641 1293 1.0
1641 1759 1.0
1642 1081 1.0
1644 1291 1.0
1646 1652 1.0
1646 2115 1.0
1647 1083 1.0
1648 1204 1.0
1648 1199 1.0
1648 2123 1.0
1649 1884 1.0
1652 992 1.0
1652 1769 1.0
1653 1645 1.0
1656 1301 1.0
1656 1004 1.0
1659 1664 1.0
1659 1307 1.0
1659 1661 1.0
1660 1774 1.0
1662 1665 1.0
1662 750 1.0
1663 1775 1.0
1663 1306 1.0
1663 1660 1.0
1665 1101 1.0
1665 1204 1.0
1666 1898 1.0
1667 1417 1.0
1667 1214 1.0
1668 1307 1.0
1669 2250 1.0
1670 1219 1.0
1671 1781 1.0
1671 1906 1.0
1671 2042 1.0
1671 1664 1.0
1673 2043 1.0
1674 2044 1.0
1674 1793 1.0
1674 2252 1.0
1675 2050 1.0
1675 2146 1.0
1676 1809 1.0
1677 1678 1.0
1677 1923 1.0
1679 1915 1.0
1679 1437 1.0
1680 3094 1.0
1680 931 1.0
1680 1926 1.0
1681 1934 1.0
1682 1564 1.0
1683 1442 1.0
1684 2506 1.0
1684 1933 1.0
1685 1939 1.0
1688 1337 1.0
1692 1822 1.0
1692 1233 1.0
1693 1344 1.0
1693 1451 1.0
1693 1235 1.0
1693 1944 1.0
1695 2174 1.0
1695 1696 1.0
1697 2073 1.0
1698 1953 1.0
1698 2074 1.0
1698 1703 1.0
1699 2068 1.0
1699 1707 1.0
1700 1946 1.0
1702 1949 1.0
1703 1709 1.0
1704 1355 1.0
1705 1146 1.0
1708 2406 1.0
1708 1719 1.0
1708 1148 1.0
1708 2176 1.0
1709 2533 1.0
1709 1455 1.0
1711 2183 1.0
1711 2069 1.0
1713 1724 1.0
1714 1958 1.0
1714 871 1.0
1714 1458 1.0
1715 1710 1.0
1716 1254 1.0
1716 873 1.0
1717 1462 1.0
1718 1840 1.0
1719 1706 1.0
1720 1363 1.0
1720 1246 1.0
1720 2543 1.0
1722 1593 1.0
1725 2086 1.0
1725 1720 1.0
1725 1961 1.0
1728 1965 1.0
1728 2189 1.0
1728 1839 1.0
1729 1055 1.0
1729 1262 1.0
1730 1274 1.0
1730 1371 1.0
1730 2562 1.0
1731 2091 1.0
1731 2808 1.0
1731 1732 1.0
1732 1730 1.0
1732 1733 1.0
1732 1970 1.0
1733 1736 1.0
1733 1735 1.0
1734 1485 2.0
1734 1729 1.0
1735 1734 1.0
1737 1495 1.0
1737 1491 1.0
1737 2094 1.0
1738 1061 1.0
1739 1276 1.0
1741 1174 1.0
1741 1858 1.0
1742 1861 1.0
1742 1991 1.0
1743 1859 1.0
1743 1741 1.0
1743 1280 1.0
1744 1279 1.0
1745 1995 1.0
1746 2109 1.0
1746 1623 1.0
1746 1506 1.0
1747 1630 1.0
1747 1749 1.0
1748 2600 1.0
1748 2328 1.0
1748 2111 1.0
1749 1285 1.0
1749 1750 1.0
1750 1873 1.0
1750 1630 1.0
1751 1390 1.0
1751 1284 1.0
1751 2225 1.0
1751 1511 1.0
1751 1754 1.0
1752 2851 1.0
1753 1758 1.0
1754 2011 1.0
1754 1635 1.0
1755 1186 1.0
1757 1756 1.0
1758 1641 1.0
1758 1881 1.0
1758 1639 1.0
1759 2115 1.0
1760 2111 1.0
1761 1524 1.0
1763 1413 1.0
1764 2343 1.0
1765 1208 1.0
1765 1409 1.0
1765 1663 1.0
1766 1761 1.0
1766 1538 1.0
1766 1653 1.0
1767 1646 1.0
1767 1529 1.0
1767 2723 1.0
1768 1531 1.0
1770 2024 1.0
1771 2354 1.0
1771 1772 1.0
1772 1010 1.0
1772 1307 1.0
1773 1307 1.0
1773 2482 1.0
1773 1304 1.0
1776 1664 1.0
1777 1547 1.0
1777 1781 1.0
1777 1550 1.0
1777 1656 1.0
1779 1666 1.0
1779 1218 1.0
1780 1667 1.0
1781 1900 1.0
1781 1782 1.0
1782 1781 1.0
1782 1316 1.0
1783 2487 1.0
1784 2249 1.0
1784 1419 1.0
1786 1552 1.0
1786 1108 1.0
1787 1672 1.0
1787 1317 1.0
1788 1776 1.0
1789 2492 1.0
1790 2045 1.0
1790 2041 1.0
1791 1559 1.0
1791 1789 1.0
1793 1921 1.0
1794 1319 1.0
1794 1560 1.0
1795 1108 1.0
1795 1676 1.0
1795 1222 1.0
1796 2496 1.0
1798 1114 1.0
1799 1796 1.0
1801 1430 1.0
1802 1325 1.0
1802 1805 1.0
1802 1224 1.0
1803 1928 1.0
1803 1685 1.0
1804 1225 1.0
1804 1803 1.0
1805 2054 1.0
1806 1330 1.0
1806 2052 1.0
1807 2055 1.0
1807 2378 1.0
1808 1813 1.0
1808 1932 1.0
1808 1682 1.0
1809 1800 1.0
1810 1686 1.0
1810 2163 1.0
1811 2056 1.0
1812 1130 1.0
1813 2061 1.0
1814 2166 1.0
1814 1812 1.0
1815 2165 1.0
1816 2276 1.0
1817 2525 1.0
1817 2273 1.0
1817 3024 1.0
1818 1693 1.0
1818 1581 1.0
1818 1940 1.0
1820 2655 1.0
1820 2059 1.0
1821 2275 1.0
1823 2066 1.0
1824 1698 1.0
1824 1821 1.0
1825 1832 1.0
1826 1711 1.0
1827 2072 1.0
1827 1830 1.0
1827 1948 1.0
1828 2182 1.0
1829 2408 1.0
1830 2081 1.0
1830 2084 1.0
1831 1153 1.0
1831 1712 1.0
1833 2410 1.0
1833 2190 1.0
1834 1956 1.0
1834 1828 1.0
1835 1836 1.0
1836 1590 1.0
1837 1715 1.0
1839 1716 1.0
1840 960 1.0
1840 1364 1.0
1840 2913 1.0
1840 2296 1.0
1841 1471 1.0
1842 1468 1.0
1842 1962 1.0
1843 1967 1.0
1843 2428 1.0
1844 2088 1.0
1844 1482 1.0
1844 1843 1.0
1844 2192 1.0
1845 1474 1.0
1846 1162 1.0
1846 1734 1.0
1846 1166 1.0
1847 1606 1.0
1848 1169 1.0
1848 1988 1.0
1852 1860 1.0
1852 1988 1.0
1852 1737 1.0
1852 2098 1.0
1854 2441 1.0
1854 1744 1.0
1854 1984 1.0
1854 1614 1.0
1855 1274 1.0
1855 1268 1.0
1858 2692 1.0
1858 1740 1.0
1861 1739 1.0
1861 1741 1.0
1862 1994 1.0
1864 1747 1.0
1867 1400 1.0
1867 1509 1.0
1867 2708 1.0
1867 2457 1.0
1868 1504 1.0
1868 1389 1.0
1868 2107 1.0
1868 2008 1.0
1869 2004 2.0
1870 2015 1.0
1870 1395 1.0
1871 1524 1.0
1871 1872 1.0
1872 1752 1.0
1872 2014 1.0
1872 2225 1.0
1873 1876 1.0
1873 2018 1.0
1874 1397 1.0
1874 2010 1.0
1875 2335 1.0
1875 2235 1.0
1876 2338 1.0
1876 1757 1.0
1876 2849 1.0
1878 1758 1.0
1878 1293 1.0
1879 2228 1.0
1881 1409 1.0
1881 2232 1.0
1885 911 1.0
1886 2120 1.0
1886 2118 1.0
1886 2119 1.0
1890 2029 1.0
1891 2863 1.0
1891 2352 1.0
1892 2137 1.0
1893 2238 1.0
1894 2474 1.0
1894 1892 1.0
1894 1008 1.0
1895 994 1.0
1895 1893 1.0
1898 1656 1.0
1899 2031 1.0
1899 2726 1.0
1899 2131 1.0
1900 661 1.0
1900 746 1.0
1902 1550 1.0
1903 2987 1.0
1903 1302 1.0
1904 2989 1.0
1904 1663 1.0
1905 1900 1.0
1907 1911 1.0
1907 2635 1.0
1911 2047 1.0
1912 2049 1.0
1914 2491 1.0
1914 1670 1.0
1917 1556 1.0
1917 2497 1.0
1918 2497 1.0
1918 1797 1.0
1920 1554 1.0
1920 3000 1.0
1920 2756 1.0
1921 1437 1.0
1921 2146 1.0
1922 2376 1.0
1923 1327 1.0
1923 2500 1.0
1924 1559 1.0
1924 2367 1.0
1925 2375 1.0
1925 2159 1.0
1926 1436 1.0
1927 1573 1.0
1927 1569 1.0
1927 1806 1.0
1927 1681 1.0
1928 2265 1.0
1928 1439 1.0
1928 2151 1.0
1929 1931 1.0
1930 1804 1.0
1930 2262 1.0
1930 1565 1.0
1934 1442 1.0
1934 1817 1.0
1935 1565 1.0
1935 1930 1.0
1936 1933 1.0
1936 2060 1.0
1939 1574 1.0
1939 2777 1.0
1940 1941 1.0
1940 2274 1.0
1942 1585 1.0
1943 1707 1.0
1943 2065 1.0
1944 1945 1.0
1944 2173 1.0
1945 1235 1.0
1946 2528 1.0
1949 1707 1.0
1949 2394 1.0
1949 1824 1.0
1951 2077 1.0
1951 2287 1.0
1953 861 1.0
1954 1592 1.0
1954 1699 1.0
1955 3044 1.0
1956 2543 1.0
1956 1594 1.0
1957 1958 1.0
1957 2195 1.0
1957 1716 1.0
1957 2197 1.0
1958 1458 1.0
1958 1832 1.0
1958 2287 1.0
1958 2795 1.0
1959 2416 1.0
1959 1593 1.0
1959 1250 1.0
1959 2800 1.0
1959 2080 1.0
1959 2912 1.0
1960 2086 1.0
1960 1593 1.0
1962 2185 1.0
1963 1729 1.0
1964 1835 1.0
1964 1838 1.0
1965 1725 1.0
1966 1973 1.0
1967 2301 1.0
1967 1969 1.0
1968 1966 1.0
1970 2418 1.0
1970 3064 1.0
1971 1968 1.0
1972 2437 1.0
1973 1848 1.0
1974 2310 1.0
1974 1602 1.0
1975 2093 1.0
1975 2424 1.0
1976 1607 1.0
1976 2090 1.0
1977 1847 1.0
1977 2441 1.0
1977 2821 1.0
1978 1468 1.0
1978 1972 1.0
1979 1611 1.0
1979 1983 1.0
1980 1849 1.0
1980 1976 1.0
1980 1734 1.0
1980 1267 1.0
1980 2819 1.0
1981 1987 1.0
1982 1613 1.0
1984 1494 1.0
1985 2572 1.0
1985 1276 1.0
1986 2097 1.0
1988 2450 1.0
1988 2100 1.0
1989 1616 1.0
1989 2692 1.0
1989 1624 1.0
1989 1865 1.0
1990 1501 1.0
1991 1849 1.0
1991 2319 1.0
1991 1857 1.0
1992 2581 1.0
1992 2577 1.0
1993 1988 1.0
1993 1625 1.0
1994 1494 1.0
1995 1380 1.0
1996 1508 1.0
1996 1992 1.0
1998 2106 1.0
1998 2002 1.0
1998 2455 1.0
1999 1742 1.0
1999 1515 1.0
2000 1997 1.0
2000 1387 1.0
2000 2002 1.0
2003 1387 1.0
2003 1754 1.0
2004 1998 1.0
2005 2109 1.0
2005 2010 1.0
2006 2009 1.0
2007 2594 1.0
2007 2005 1.0
2008 2224 1.0
2008 1625 1.0
2009 1747 1.0
2012 1638 1.0
2013 2842 1.0
2015 2016 1.0
2016 2461 1.0
2016 1755 1.0
2017 1757 1.0
2018 2331 1.0
2018 1881 1.0
2019 2469 1.0
2019 2602 1.0
2019 1517 1.0
2020 1761 1.0
2021 2861 1.0
2021 1879 1.0
2023 1767 1.0
2025 1406 1.0
2025 2360 1.0
2027 1421 1.0
2028 738 1.0
2028 3122 1.0
2028 2027 1.0
2028 1197 1.0
2029 2242 1.0
2031 1545 1.0
2033 3124 1.0
2033 2031 1.0
2034 2136 1.0
2035 1318 1.0
2036 2364 1.0
2037 1904 1.0
2037 2143 1.0
2039 1106 1.0
2039 1786 1.0
2039 1547 1.0
2039 1416 1.0
2040 1906 1.0
2040 1670 1.0
2042 2634 1.0
2042 1552 1.0
2045 2369 1.0
2046 1915 1.0
2047 1673 1.0
2047 2149 1.0
2047 1797 1.0
2048 1909 1.0
2048 1555 1.0
2048 2049 1.0
2050 1556 1.0
2050 1679 1.0
2050 2371 1.0
2051 1926 1.0
2051 1922 1.0
2051 1678 2.0
2052 2150 1.0
2052 2504 1.0
2053 1441 1.0
2053 1225 1.0
2053 2377 1.0
2054 2382 1.0
2055 1687 1.0
2055 2051 1.0
2055 1807 1.0
2056 1806 1.0
2058 1926 1.0
2060 2653 1.0
2060 2268 1.0
2062 1238 1.0
2063 1578 1.0
2063 1942 1.0
2063 2529 1.0
2064 2526 2.0
2065 940 1.0
2065 2063 1.0
2066 1704 1.0
2068 1237 1.0
2068 2396 1.0
2069 2401 1.0
2069 2172 1.0
2070 1699 1.0
2071 2533 1.0
2072 864 1.0
2072 1705 1.0
2072 1241 1.0
2073 2410 1.0
2074 2285 1.0
2074 1589 1.0
2076 2290 1.0
2076 2188 1.0
2076 2541 1.0
2077 2186 1.0
2077 1452 1.0
2078 1835 1.0
2079 1832 1.0
2079 2083 1.0
2079 1828 1.0
2079 2544 1.0
2079 2182 1.0
2079 1957 1.0
2080 1831 1.0
2082 2083 1.0
2082 1594 1.0
2082 1715 1.0
2082 2803 1.0
2082 1722 1.0
2085 1965 1.0
2086 880 1.0
2087 1474 1.0
2088 1845 1.0
2088 1730 1.0
2089 2565 1.0
2089 2205 1.0
2090 1734 1.0
2091 2313 1.0
2092 1975 1.0
2094 1377 1.0
2094 1611 1.0
2096 2688 1.0
2096 2680 1.0
2096 2206 1.0
2097 2210 1.0
2097 1476 1.0
2097 2937 1.0
2098 1980 1.0
2099 2689 1.0
2099 2572 1.0
2100 2446 1.0
2101 2214 1.0
2102 2213 1.0
2103 2101 1.0
2104 2000 1.0
2104 1742 1.0
2105 1863 1.0
2106 2444 1.0
2106 2946 1.0
2107 2221 1.0
2107 2105 1.0
2107 1867 1.0
2107 1631 1.0
2109 1995 1.0
2109 1506 1.0
2111 2340 1.0
2112 2341 1.0
2114 2716 1.0
2114 1639 1.0
2115 2234 1.0
2115 2021 1.0
2117 1302 1.0
2118 2231 1.0
2118 1765 1.0
2118 1210 1.0
2118 2021 1.0
2119 3105 1.0
2119 2118 1.0
2119 2238 1.0
2119 2354 1.0
2120 1886 1.0
2120 2343 1.0
2121 2722 1.0
2122 2350 1.0
2123 1405 1.0
2124 2348 1.0
2125 2343 1.0
2127 1306 1.0
2128 2131 1.0
2128 2125 1.0
2129 1302 1.0
2129 1771 1.0
2129 2868 1.0
2130 2353 1.0
2130 2979 1.0
2130 2476 1.0
2131 2043 1.0
2131 2358 1.0
2131 3116 1.0
2132 1210 1.0
2132 2138 1.0
2133 2036 1.0
2133 2031 1.0
2135 2629 1.0
2135 2247 1.0
2137 2745 1.0
2137 2025 1.0
2138 2620 1.0
2139 2747 1.0
2139 2870 1.0
2140 2477 1.0
2141 1776 1.0
2143 2985 1.0
2145 2491 1.0
2146 1677 1.0
2146 1795 1.0
2147 2756 1.0
2148 1676 1.0
2149 1433 1.0
2150 3000 1.0
2150 1920 1.0
2150 1918 1.0
2151 2050 1.0
2152 2494 1.0
2152 2049 1.0
2153 2762 1.0
2153 2256 1.0
2154 1679 1.0
2155 2496 1.0
2156 2763 1.0
2156 2157 1.0
2156 1799 1.0
2158 2377 1.0
2159 1679 1.0
2160 1929 1.0
2161 2158 1.0
2162 2160 1.0
2162 2164 1.0
2166 1687 1.0
2167 2059 1.0
2168 1568 1.0
2170 1229 1.0
2170 2383 1.0
2171 2391 1.0
2171 2526 1.0
2173 1944 1.0
2173 2400 1.0
2176 1586 1.0
2177 2178 1.0
2177 2530 1.0
2179 2285 1.0
2179 2286 1.0
2180 1951 1.0
2180 2531 1.0
2181 2417 1.0
2181 2287 1.0
2182 2532 1.0
2184 1454 1.0
2185 2291 1.0
2185 2407 1.0
2186 1712 1.0
2186 2535 1.0
2186 1836 1.0
2189 2409 1.0
2190 2077 1.0
2190 2415 1.0
2192 2663 1.0
2192 2415 1.0
2192 1358 1.0
2193 2676 1.0
2193 1718 1.0
2193 2301 1.0
2193 2297 1.0
2195 2303 1.0
2195 1721 1.0
2195 1960 1.0
2196 2086 1.0
2196 1464 1.0
2196 3052 1.0
2198 2089 1.0
2199 2197 1.0
2199 2086 1.0
2200 2199 1.0
2200 1167 1.0
2200 2560 1.0
2201 2811 1.0
2201 2200 1.0
2201 2089 1.0
2203 1364 1.0
2204 1974 1.0
2205 2093 1.0
2205 2682 1.0
2205 2679 1.0
2205 2812 1.0
2206 2094 1.0
2207 2683 1.0
2208 3176 1.0
2208 2435 1.0
2210 1978 1.0
2211 1612 1.0
2211 2575 1.0
2212 1984 1.0
2214 1992 1.0
2214 2575 1.0
2215 2106 1.0
2218 2000 1.0
2218 2003 1.0
2218 2579 1.0
2220 1623 1.0
2221 1997 1.0
2222 1866 2.0
2222 2704 1.0
2223 2596 1.0
2223 1630 1.0
2223 2602 1.0
2224 1395 1.0
2225 2837 1.0
2225 1518 1.0
2226 1644 1.0
2226 2012 1.0
2226 2227 1.0
2226 1638 1.0
2226 1394 1.0
2227 2596 1.0
2227 2228 1.0
2229 2115 1.0
2230 2337 1.0
2232 2605 1.0
2233 2334 1.0
2233 2113 1.0
2233 2012 1.0
2234 2115 1.0
2235 2611 1.0
2235 1873 1.0
2235 2342 1.0
2237 2116 1.0
2237 2603 1.0
2241 3546 1.0
2242 1892 1.0
2243 2480 1.0
2244 2136 1.0
2245 2356 1.0
2246 2040 1.0
2247 2743 1.0
2248 2984 1.0
2248 2983 1.0
2249 2363 1.0
2250 2488 1.0
2251 2994 1.0
2252 2366 1.0
2252 1789 1.0
2253 2151 1.0
2254 1919 1.0
2254 2492 1.0
2254 1795 1.0
2255 2878 1.0
2256 2370 1.0
2256 1792 2.0
2257 1800 1.0
2257 2641 1.0
2258 2147 1.0
2260 1435 1.0
2260 2144 1.0
2261 1809 1.0
2262 2375 1.0
2262 2373 1.0
2263 2508 1.0
2263 1920 1.0
2264 2380 1.0
2264 2158 1.0
2264 1438 1.0
2265 2381 1.0
2266 1807 1.0
2268 2512 1.0
2269 2382 1.0
2269 2268 1.0
2270 2061 1.0
2270 2059 1.0
2270 2267 1.0
2272 2167 1.0
2273 2272 1.0
2273 2898 1.0
2275 2522 1.0
2278 2171 1.0
2279 2523 1.0
2280 1701 1.0
2281 1820 1.0
2284 3266 1.0
2284 2076 1.0
2286 3041 1.0
2286 2788 1.0
2286 2291 1.0
2289 2784 1.0
2289 2540 1.0
2290 2295 1.0
2290 3046 1.0
2292 1949 1.0
2292 2668 1.0
2293 2669 1.0
2294 1456 1.0
2295 2547 1.0
2295 3050 1.0
2296 1598 1.0
2296 2810 1.0
2297 2551 1.0
2297 2185 1.0
2299 2552 1.0
2301 3063 1.0
2301 2086 1.0
2301 1724 1.0
2302 2199 1.0
2302 2198 1.0
2304 2203 1.0
2304 2555 1.0
2305 1974 1.0
2305 1467 1.0
2306 2812 1.0
2307 2089 1.0
2307 2432 1.0
2307 2203 1.0
2307 2563 1.0
2308 2430 1.0
2309 2808 1.0
2309 1604 1.0
2309 2307 1.0
2310 2304 1.0
2310 2563 1.0
2311 2090 1.0
2311 2204 1.0
2312 2308 1.0
2313 2097 1.0
2313 2570 1.0
2315 2453 1.0
2316 1737 1.0
2317 1741 1.0
2317 1996 1.0
2319 2107 1.0
2319 2691 1.0
2320 2946 1.0
2321 3079 1.0
2321 2326 1.0
2322 2948 1.0
2322 2940 1.0
2323 2596 1.0
2325 2589 1.0
2325 2831 1.0
2325 2953 1.0
2326 2325 1.0
2326 3090 1.0
2327 2222 2.0
2327 1870 1.0
2328 2324 1.0
2328 2587 1.0
2329 1754 1.0
2329 1393 1.0
2331 2328 1.0
2331 1633 1.0
2331 2223 1.0
2334 1755 1.0
2334 2014 1.0
2334 1870 1.0
2335 2462 1.0
2336 2015 1.0
2336 2334 1.0
2337 2234 1.0
2338 1875 1.0
2339 2959 1.0
2339 1879 1.0
2339 2011 1.0
2340 1757 1.0
2340 1873 1.0
2342 2465 1.0
2342 2720 1.0
2343 2606 1.0
2343 2237 1.0
2343 2719 1.0
2344 3207 1.0
2344 2466 1.0
2345 2725 1.0
2346 1537 1.0
2346 2859 1.0
2348 2344 1.0
2349 2729 1.0
2349 2612 1.0
2349 3104 1.0
2349 1540 1.0
2349 2734 1.0
2350 2722 1.0
2351 2979 1.0
2352 3769 1.0
2353 3336 1.0
2354 2474 1.0
2354 2120 1.0
2355 2872 1.0
2356 2128 1.0
2356 2477 1.0
2357 2982 1.0
2357 2362 1.0
2357 3111 1.0
2358 3447 1.0
2359 1778 1.0
2359 2026 1.0
2359 3646 1.0
2361 2868 1.0
2361 2136 1.0
2362 1767 1.0
2365 2490 1.0
2365 3232 1.0
2366 2997 1.0
2368 1922 1.0
2368 2759 1.0
2368 2258 1.0
2368 2373 1.0
2370 3356 1.0
2371 2376 1.0
2371 2157 1.0
2372 2162 1.0
2372 2880 1.0
2372 2055 1.0
2372 2262 1.0
2373 3007 1.0
2375 2264 1.0
2378 2500 1.0
2379 2514 1.0
2380 2162 1.0
2380 3007 1.0
2381 2387 1.0
2381 2512 1.0
2382 2057 1.0
2382 3020 1.0
2383 3019 1.0
2383 2163 1.0
2385 2507 1.0
2386 2769 1.0
2386 1937 1.0
2387 2770 1.0
2388 2164 1.0
2388 2386 1.0
2389 1814 1.0
2389 2652 1.0
2390 1445 1.0
2390 2066 1.0
2390 2524 1.0
2391 2279 1.0
2393 2278 1.0
2393 2520 1.0
2394 2064 1.0
2394 2777 1.0
2394 2068 1.0
2394 1582 1.0
2396 2523 1.0
2396 2781 1.0
2396 2279 1.0
2399 2277 1.0
2400 1584 1.0
2400 1944 1.0
2400 2282 1.0
2401 2903 1.0
2402 2784 1.0
2402 2184 1.0
2403 2530 1.0
2403 2397 1.0
2404 1826 1.0
2404 2787 1.0
2404 2660 1.0
2405 2661 1.0
2405 3036 1.0
2405 2413 1.0
2406 2073 1.0
2406 1957 1.0
2407 2406 1.0
2407 2665 1.0
2407 2537 1.0
2407 1828 1.0
2409 2183 1.0
2409 2297 1.0
2410 2413 1.0
2411 3041 1.0
2412 2286 1.0
2413 2659 1.0
2414 2419 1.0
2414 2796 1.0
2414 2415 1.0
2415 2552 1.0
2416 2188 1.0
2417 2081 1.0
2417 1837 1.0
2418 2916 1.0
2419 2411 1.0
2420 2087 1.0
2421 1973 1.0
2421 2917 1.0
2422 2427 1.0
2422 1972 1.0
2422 2809 1.0
2423 2202 1.0
2424 2927 1.0
2424 2552 1.0
2425 2433 1.0
2426 2423 1.0
2428 2557 1.0
2428 2566 1.0
2428 2206 1.0
2429 2814 1.0
2429 2303 1.0
2430 1846 1.0
2430 3294 1.0
2431 2204 1.0
2432 2687 1.0
2432 2428 1.0
2433 2824 1.0
2434 1169 1.0
2434 2929 1.0
2434 2818 1.0
2435 2433 1.0
2435 2209 1.0
2436 2209 1.0
2436 1280 1.0
2437 1617 1.0
2437 3074 1.0
2437 2820 1.0
2437 2573 1.0
2438 2683 1.0
2438 2434 1.0
2439 2684 1.0
2440 2687 1.0
2441 2566 1.0
2441 2568 1.0
2441 2932 1.0
2442 1614 1.0
2442 2206 1.0
2443 2214 1.0
2443 2820 1.0
2443 3410 1.0
2443 2316 1.0
2443 1743 1.0
2444 2446 1.0
2446 2454 1.0
2447 2102 1.0
2447 2320 1.0
2447 1848 1.0
2448 2578 1.0
2448 2212 1.0
2448 2447 1.0
2448 2214 1.0
2448 2579 1.0
2449 2318 1.0
2449 2695 1.0
2449 1857 1.0
2451 2583 1.0
2451 1745 1.0
2452 1860 1.0
2452 2317 1.0
2453 2840 1.0
2453 1856 1.0
2453 3534 1.0
2454 2214 1.0
2455 2586 1.0
2456 2323 1.0
2456 2709 1.0
2456 2221 1.0
2458 2702 1.0
2459 3090 1.0
2460 3095 1.0
2461 2466 1.0
2461 2338 1.0
2461 2332 1.0
2464 2330 1.0
2464 1877 1.0
2465 2718 1.0
2466 2340 1.0
2466 2465 1.0
2467 2965 1.0
2467 2715 1.0
2467 2605 1.0
2468 2719 1.0
2468 2342 1.0
2470 2967 1.0
2470 2125 1.0
2471 2612 1.0
2471 2470 1.0
2472 3120 1.0
2472 1893 1.0
2473 2726 1.0
2474 1885 1.0
2474 2024 1.0
2476 2123 1.0
2476 2127 1.0
2478 2240 1.0
2480 3107 1.0
2480 3121 1.0
2480 2475 1.0
2481 2727 1.0
2481 2473 1.0
2481 2623 1.0
2481 2619 1.0
2481 1903 1.0
2481 2479 1.0
2481 1892 1.0
2481 2136 1.0
2481 3118 1.0
2482 3105 1.0
2482 2129 1.0
2482 2139 1.0
2483 3447 1.0
2483 2242 1.0
2483 2968 1.0
2483 2747 1.0
2484 2487 1.0
2484 2636 1.0
2484 2631 1.0
2484 2737 1.0
2485 2630 1.0
2485 1781 1.0
2486 2483 1.0
2486 2991 1.0
2487 2250 1.0
2487 2738 1.0
2488 2635 1.0
2488 3128 1.0
2489 2625 1.0
2490 2492 1.0
2490 2041 1.0
2491 1672 1.0
2493 3231 1.0
2493 1909 1.0
2495 2156 1.0
2495 2368 1.0
2496 2152 1.0
2496 3134 1.0
2496 2372 1.0
2497 2498 1.0
2498 2497 1.0
2499 2646 1.0
2500 2639 1.0
2500 2760 1.0
2503 1925 1.0
2503 3006 1.0
2503 2998 1.0
2503 2645 1.0
2504 2515 1.0
2505 1934 1.0
2505 3244 1.0
2506 1914 1.0
2507 2378 1.0
2508 2271 1.0
2508 3146 1.0
2509 2515 1.0
2510 2385 1.0
2510 2161 1.0
2510 1929 1.0
2511 1680 1.0
2513 2890 1.0
2513 2382 1.0
2514 2380 1.0
2514 3242 1.0
2515 2652 1.0
2515 1572 1.0
2516 2515 1.0
2516 2266 1.0
2516 2385 1.0
2516 3013 1.0
2517 2509 1.0
2523 2389 1.0
2523 2277 1.0
2524 2273 1.0
2525 2899 1.0
2526 3152 1.0
2526 2281 1.0
2526 2273 1.0
2526 2282 1.0
2527 2389 1.0
2528 1709 1.0
2528 2783 1.0
2529 2283 1.0
2529 2784 1.0
2530 2405 1.0
2531 2065 1.0
2532 2174 1.0
2533 3162 1.0
2535 2541 1.0
2537 2539 1.0
2537 2405 1.0
2537 2655 1.0
2537 3033 1.0
2538 2659 1.0
2538 2070 1.0
2538 2900 1.0
2538 2530 1.0
2538 3044 1.0
2539 2534 1.0
2540 2537 1.0
2540 2077 1.0
2540 1954 1.0
2541 2660 1.0
2541 2538 1.0
2542 2662 1.0
2543 2290 1.0
2545 3168 1.0
2545 2194 2.0
2545 2801 1.0
2546 1839 1.0
2547 2911 1.0
2547 1954 1.0
2547 2192 1.0
2549 1361 1.0
2549 1974 1.0
2550 2191 1.0
2551 2190 1.0
2553 2918 1.0
2555 1360 1.0
2555 2425 1.0
2557 2426 1.0
2558 2921 1.0
2558 2295 1.0
2558 2303 1.0
2558 2199 1.0
2559 2422 1.0
2559 3286 1.0
2560 3066 1.0
2560 3064 1.0
2561 3067 1.0
2562 2424 1.0
2563 2431 1.0
2563 2197 1.0
2564 3517 1.0
2564 2567 1.0
2564 2565 1.0
2564 2807 1.0
2565 1736 1.0
2565 2820 1.0
2568 3403 1.0
2568 2310 1.0
2569 2691 1.0
2572 2821 1.0
2574 2577 1.0
2574 2449 1.0
2574 2315 1.0
2575 2314 1.0
2576 2583 1.0
2576 2448 1.0
2577 3078 1.0
2577 2455 1.0
2578 3078 1.0
2578 2317 1.0
2579 1622 1.0
2579 1991 1.0
2581 2694 1.0
2582 2217 1.0
2583 2321 1.0
2583 3316 1.0
2583 3078 1.0
2584 3083 1.0
2584 3194 1.0
2584 3081 1.0
2584 2581 1.0
2585 2589 1.0
2585 3085 1.0
2586 2008 1.0
2586 2327 1.0
2586 2005 1.0
2587 2951 1.0
2587 2949 1.0
2588 2948 1.0
2589 2597 1.0
2590 3201 1.0
2591 2593 1.0
2591 1999 1.0
2593 2955 1.0
2594 2585 1.0
2594 2335 1.0
2594 2590 1.0
2594 3428 1.0
2595 3095 1.0
2595 2848 1.0
2596 2600 1.0
2596 1876 1.0
2596 2233 1.0
2597 2593 1.0
2597 2704 1.0
2597 2227 1.0
2598 2331 1.0
2599 2111 1.0
2600 2595 1.0
2600 2333 1.0
2600 2958 1.0
2600 2711 1.0
2601 2957 1.0
2601 2720 1.0
2601 2460 1.0
2602 2957 1.0
2604 3333 1.0
2604 2962 1.0
2604 2964 1.0
2605 2471 1.0
2605 2720 1.0
2606 1644 1.0
2607 2608 1.0
2607 3097 1.0
2610 2721 1.0
2610 2862 1.0
2611 3207 1.0
2612 2854 1.0
2612 1890 1.0
2613 3445 1.0
2613 2729 1.0
2615 2128 1.0
2615 3337 1.0
2617 2976 1.0
2617 3212 1.0
2617 3222 1.0
2618 2138 1.0
2619 2746 1.0
2620 2243 1.0
2620 2358 1.0
2621 2029 1.0
2622 2485 1.0
2622 2733 1.0
2623 2870 1.0
2624 2480 1.0
2624 2989 1.0
2625 1776 1.0
2625 2360 1.0
2627 2628 1.0
2628 2244 1.0
2630 2751 1.0
2630 2487 1.0
2630 1909 1.0
2631 2619 1.0
2633 2995 1.0
2634 2490 1.0
2634 2631 1.0
2634 2752 1.0
2635 2045 1.0
2639 2500 1.0
2639 2499 1.0
2639 2997 1.0
2639 2055 1.0
2640 2502 1.0
2642 3139 1.0
2644 2261 1.0
2645 2504 1.0
2645 2644 1.0
2647 2766 1.0
2647 2057 1.0
2647 3010 1.0
2647 2641 1.0
2647 2644 1.0
2648 2646 1.0
2648 2508 1.0
2649 2513 1.0
2650 3019 1.0
2651 2518 1.0
2651 2275 1.0
2652 1936 1.0
2652 2274 1.0
2653 2167 1.0
2654 2656 1.0
2654 2170 1.0
2654 2066 1.0
2655 3164 1.0
2656 2531 1.0
2657 2902 1.0
2658 1951 1.0
2658 2909 1.0
2659 2405 1.0
2660 2184 1.0
2660 3164 1.0
2660 2411 1.0
2661 2291 1.0
2661 1713 1.0
2664 1953 1.0
2665 3385 1.0
2665 3507 1.0
2666 3041 1.0
2666 2667 1.0
2667 2415 1.0
2667 2544 1.0
2670 2546 1.0
2671 3054 1.0
2671 2546 1.0
2672 3051 1.0
2672 1967 1.0
2672 3279 1.0
2673 2424 1.0
2673 2675 1.0
2674 2912 1.0
2674 2550 1.0
2674 1968 1.0
2676 2550 1.0
2676 2673 1.0
2676 2427 1.0
2676 2202 1.0
2677 2680 1.0
2678 2571 1.0
2678 2560 1.0
2678 3524 1.0
2679 2430 1.0
2679 2928 1.0
2680 2928 1.0
2680 2935 1.0
2680 2932 1.0
2680 2917 1.0
2683 2210 1.0
2683 1607 1.0
2683 3178 1.0
2684 2440 1.0
2685 2683 1.0
2685 1980 1.0
2686 2684 1.0
2686 2687 1.0
2688 2440 1.0
2689 3074 1.0
2689 2935 1.0
2690 2439 1.0
2691 2447 1.0
2692 3184 1.0
2694 2220 1.0
2695 2941 1.0
2695 3087 1.0
2696 2327 1.0
2697 3197 1.0
2697 3196 1.0
2697 2584 1.0
2699 2322 1.0
2700 2704 2.0
2700 2697 1.0
2701 2224 1.0
2701 2944 1.0
2702 2701 1.0
2703 2590 1.0
2704 2457 1.0
2704 2702 1.0
2704 2839 1.0
2704 2708 1.0
2705 3091 1.0
2707 2338 1.0
2708 2463 1.0
2708 2225 1.0
2710 3969 1.0
2711 2229 1.0
2712 2850 1.0
2712 2332 1.0
2712 2464 1.0
2712 2841 1.0
2713 2600 1.0
2714 3205 1.0
2715 2113 1.0
2716 2600 1.0
2718 2854 1.0
2718 2608 1.0
2718 2859 1.0
2718 2856 1.0
2719 2231 1.0
2719 2605 1.0
2720 2859 1.0
2720 3440 1.0
2720 2471 1.0
2721 2609 1.0
2721 2612 1.0
2721 2614 1.0
2722 2864 1.0
2723 3546 1.0
2723 2610 1.0
2723 3103 1.0
2724 2973 1.0
2724 2970 1.0
2725 2611 1.0
2725 2474 1.0
2725 1201 1.0
2726 992 1.0
2726 3110 1.0
2726 2867 1.0
2727 2127 1.0
2727 3102 1.0
2728 2972 1.0
2728 2725 1.0
2729 3106 1.0
2730 2734 1.0
2731 2969 1.0
2731 2032 1.0
2731 2723 1.0
2732 2738 1.0
2732 2623 1.0
2732 2728 1.0
2733 2987 1.0
2733 1092 1.0
2734 2361 1.0
2734 2742 1.0
2735 3122 1.0
2736 2243 1.0
2737 2866 1.0
2739 2033 1.0
2740 2359 1.0
2740 2735 1.0
2740 2867 1.0
2741 3220 1.0
2743 2360 1.0
2745 2980 1.0
2746 2360 1.0
2746 2037 1.0
2747 2989 1.0
2747 3126 1.0
2748 3134 1.0
2748 4110 1.0
2748 2254 1.0
2749 2038 1.0
2749 2144 1.0
2750 2489 1.0
2750 2754 1.0
2750 2873 1.0
2750 3229 1.0
2750 3230 1.0
2752 3131 1.0
2755 2751 1.0
2755 2752 1.0
2756 3133 1.0
2758 3003 1.0
2759 2880 1.0
2759 2053 1.0
2760 2762 1.0
2761 3140 1.0
2761 3237 1.0
2761 2507 1.0
2761 2881 1.0
2762 1925 1.0
2762 2640 1.0
2762 2639 1.0
2763 2882 1.0
2763 3140 1.0
2764 2380 1.0
2766 2163 1.0
2767 3246 1.0
2767 2646 1.0
2767 2642 1.0
2768 2650 1.0
2768 3364 1.0
2771 3244 1.0
2771 2523 1.0
2772 2269 1.0
2773 2888 1.0
2774 2776 1.0
2775 2171 1.0
2775 3803 1.0
2776 3148 1.0
2777 3257 1.0
2778 3255 1.0
2778 2166 1.0
2778 2524 1.0
2778 3027 1.0
2782 2781 1.0
2782 3159 1.0
2783 2395 1.0
2784 2785 1.0
2785 3488 1.0
2787 2404 1.0
2787 2540 1.0
2790 3039 1.0
2790 3593 1.0
2793 2907 1.0
2794 2199 1.0
2795 2544 1.0
2795 2798 1.0
2795 2799 1.0
2796 2658 1.0
2796 3286 1.0
2796 2803 1.0
2797 2794 1.0
2797 2548 1.0
2798 2183 1.0
2798 2552 1.0
2799 2797 1.0
2800 2911 1.0
2801 3597 1.0
2802 2791 1.0
2802 3285 1.0
2803 2670 1.0
2804 2795 1.0
2804 2798 1.0
2805 3283 1.0
2805 3286 1.0
2805 2554 1.0
2805 2557 1.0
2806 2419 1.0
2806 3060 1.0
2806 2917 1.0
2807 2813 1.0
2807 2916 1.0
2807 3611 1.0
2808 3393 1.0
2808 2925 1.0
2809 3518 1.0
2809 2915 1.0
2810 2920 1.0
2810 3070 1.0
2810 2809 1.0
2812 3066 1.0
2812 2821 1.0
2812 2926 1.0
2813 2564 1.0
2813 2820 1.0
2813 2433 1.0
2815 2823 1.0
2816 2306 1.0
2816 3396 1.0
2816 2554 1.0
2817 2931 1.0
2818 3401 1.0
2819 3725 1.0
2820 3401 1.0
2820 3178 1.0
2821 2684 1.0
2822 1978 1.0
2827 2441 1.0
2827 2444 1.0
2828 3080 1.0
2829 2578 1.0
2829 2941 1.0
2829 2580 1.0
2830 2934 1.0
2830 2449 1.0
2830 2570 1.0
2831 2581 1.0
2833 3187 1.0
2834 3193 1.0
2834 3088 1.0
2834 3425 1.0
2834 3084 1.0
2835 2947 1.0
2835 3201 1.0
2836 3091 1.0
2837 2325 1.0
2837 3089 1.0
2839 2703 1.0
2839 2950 1.0
2840 3201 1.0
2841 3093 1.0
2841 3202 1.0
2842 2838 1.0
2842 3426 1.0
2843 3088 1.0
2843 3432 1.0
2845 3204 1.0
2845 3325 1.0
2845 2961 1.0
2846 2707 1.0
2846 2838 1.0
2847 2960 1.0
2849 3089 1.0
2849 2958 1.0
2849 3542 1.0
2850 3097 1.0
2851 2234 1.0
2851 2461 1.0
2852 3205 1.0
2852 2853 1.0
2852 2462 1.0
2853 2856 1.0
2853 2960 1.0
2854 3211 1.0
2854 2848 1.0
2854 2718 1.0
2855 2608 1.0
2857 2714 1.0
2861 2607 2.0
2861 2963 1.0
2862 3114 1.0
2862 2852 1.0
2862 3099 1.0
2864 1763 1.0
2864 2619 1.0
2864 3218 1.0
2866 2615 1.0
2867 2616 1.0
2867 3761 1.0
2868 2869 1.0
2868 3219 1.0
2869 2248 1.0
2869 2977 1.0
2871 2035 1.0
2872 2359 1.0
2873 2989 1.0
2874 2489 1.0
2874 3225 1.0
2875 3233 1.0
2875 3132 1.0
2875 2748 1.0
2875 3133 1.0
2876 2044 1.0
2876 2752 1.0
2877 2757 1.0
2877 3136 1.0
2877 2639 1.0
2878 2370 1.0
2878 3004 1.0
2880 3239 1.0
2881 2877 1.0
2881 2370 1.0
2881 2880 1.0
2881 2761 1.0
2882 2886 1.0
2883 2512 1.0
2884 3473 1.0
2884 3008 1.0
2884 2377 1.0
2885 3020 1.0
2886 3144 1.0
2887 2513 1.0
2888 3801 1.0
2889 2768 1.0
2892 2771 1.0
2892 3259 1.0
2893 2171 1.0
2893 3021 1.0
2894 3586 1.0
2894 3154 1.0
2896 3026 1.0
2897 3024 1.0
2897 2654 1.0
2898 3255 1.0
2898 2527 1.0
2899 3027 1.0
2901 2401 1.0
2901 1949 1.0
2902 3592 1.0
2902 1831 1.0
2903 2415 1.0
2904 3700 1.0
2904 2535 1.0
2905 3375 1.0
2909 2907 1.0
2909 2294 1.0
2910 2185 1.0
2910 3381 1.0
2910 2908 1.0
2911 3389 1.0
2912 3058 1.0
2912 2804 1.0
2913 2557 1.0
2913 2662 1.0
2913 2666 1.0
2914 2295 1.0
2915 2811 1.0
2916 3063 1.0
2916 2674 1.0
2917 3394 1.0
2917 2674 1.0
2917 3170 1.0
2918 2920 1.0
2918 2427 1.0
2919 2809 1.0
2919 2814 1.0
2920 3518 1.0
2920 2671 1.0
2920 3049 1.0
2921 3054 1.0
2921 3606 1.0
2921 3386 1.0
2922 2300 1.0
2922 3064 1.0
2923 2809 1.0
2924 2304 1.0
2924 3069 1.0
2925 3608 1.0
2925 2823 1.0
2926 2814 1.0
2926 3726 1.0
2927 2932 1.0
2927 3297 1.0
2927 2437 1.0
2928 2684 1.0
2928 2923 1.0
2930 3299 1.0
2930 2567 1.0
2930 2680 1.0
2931 3185 1.0
2932 2934 1.0
2934 3077 1.0
2935 2933 1.0
2935 2446 1.0
2936 2443 1.0
2936 2569 1.0
2936 2814 1.0
2937 2828 1.0
2938 3304 1.0
2939 2215 1.0
2941 3420 1.0
2942 3423 1.0
2943 2948 1.0
2943 2696 1.0
2944 3411 1.0
2944 2839 1.0
2945 2942 1.0
2946 3315 1.0
2947 3429 1.0
2948 3083 1.0
2949 3087 1.0
2950 3741 1.0
2950 3319 1.0
2951 3085 1.0
2951 3312 1.0
2951 2452 1.0
2951 3320 1.0
2952 2839 1.0
2952 3089 1.0
2952 2697 1.0
2954 3744 1.0
2954 2460 1.0
2957 3325 1.0
2958 3642 1.0
2958 3092 1.0
2960 2847 1.0
2960 2233 1.0
2960 2711 1.0
2961 2710 1.0
2962 2850 1.0
2962 3096 1.0
2963 3199 1.0
2963 2717 1.0
2964 2856 1.0
2965 2469 1.0
2965 2606 1.0
2966 3212 1.0
2966 2344 1.0
2967 2857 1.0
2968 2864 1.0
2969 2125 1.0
2970 3342 1.0
2972 2477 1.0
2973 2473 1.0
2974 3212 1.0
2974 3111 1.0
2975 2130 1.0
2976 2359 1.0
2976 2352 1.0
2977 4079 1.0
2978 2974 1.0
2979 2730 1.0
2980 2474 1.0
2981 2627 1.0
2981 2033 1.0
2981 2977 1.0
2982 2140 1.0
2983 2870 1.0
2984 2622 1.0
2984 3456 1.0
2984 2992 1.0
2985 3120 1.0
2985 2039 1.0
2986 2733 1.0
2986 3219 1.0
2986 2870 1.0
2987 2630 1.0
2987 2749 1.0
2987 2624 1.0
2987 2986 1.0
2990 1906 1.0
2991 2249 1.0
2991 2484 1.0
2993 2634 1.0
2993 2752 1.0
2994 3887 1.0
2996 3126 1.0
2997 3566 1.0
2999 2749 1.0
3001 2880 1.0
3001 3136 1.0
3003 2499 1.0
3003 3354 1.0
3003 3236 1.0
3004 2766 1.0
3005 3363 1.0
3005 2764 1.0
3005 2758 1.0
3005 2759 1.0
3006 3017 1.0
3006 2644 1.0
3007 3469 1.0
3007 2641 1.0
3007 2376 1.0
3007 2646 1.0
3008 3246 2.0
3009 3012 1.0
3009 2883 1.0
3010 3149 1.0
3010 3011 1.0
3011 2265 1.0
3011 2504 1.0
3011 2500 1.0
3013 3142 1.0
3014 3365 1.0
3014 2385 1.0
3014 2384 1.0
3015 2888 1.0
3016 3486 1.0
3017 3478 1.0
3018 3013 1.0
3019 2888 1.0
3019 3147 1.0
3021 3020 1.0
3022 2769 1.0
3022 3481 1.0
3022 2773 1.0
3022 2775 1.0
3023 2772 1.0
3023 2774 1.0
3024 2893 1.0
3025 3266 1.0
3025 2522 1.0
3030 3040 1.0
3031 3590 1.0
3031 3038 1.0
3031 3266 1.0
3032 2658 1.0
3033 3272 1.0
3034 3158 1.0
3034 2530 1.0
3035 2528 1.0
3036 3041 1.0
3036 3269 1.0
3036 3038 1.0
3037 2285 1.0
3038 2537 1.0
3038 3163 1.0
3039 3284 1.0
3039 2291 1.0
3041 2787 1.0
3041 2903 1.0
3041 2538 1.0
3041 2292 1.0
3042 2542 1.0
3042 3379 1.0
3043 3046 1.0
3043 2545 1.0
3046 2797 1.0
3046 3509 1.0
3047 3053 1.0
3048 2666 1.0
3048 2908 1.0
3049 2416 1.0
3051 3043 1.0
3052 3054 1.0
3053 2416 1.0
3054 3511 1.0
3054 2550 1.0
3054 3389 1.0
3054 3831 1.0
3058 3062 1.0
3058 3390 1.0
3059 3605 1.0
3062 3720 1.0
3062 3949 1.0
3065 2201 1.0
3065 2560 1.0
3066 3289 1.0
3066 3074 1.0
3066 2817 1.0
3067 3518 1.0
3068 2919 1.0
3068 3843 1.0
3069 2686 1.0
3069 3521 1.0
3071 3182 1.0
3071 3515 1.0
3071 3294 1.0
3072 3173 1.0
3073 3405 1.0
3075 2685 1.0
3076 2211 1.0
3076 2936 1.0
3077 3959 1.0
3077 3530 1.0
3079 2838 1.0
3079 3737 1.0
3079 3189 1.0
3080 3421 1.0
3080 3528 1.0
3080 1857 1.0
3080 3532 1.0
3081 3082 1.0
3081 3415 1.0
3082 2326 1.0
3083 3962 1.0
3085 2587 1.0
3085 3095 1.0
3085 3735 1.0
3085 3194 1.0
3086 3307 1.0
3087 2590 1.0
3087 2843 1.0
3087 2456 1.0
3089 2846 1.0
3089 3434 1.0
3089 3193 1.0
3089 3192 1.0
3090 3431 1.0
3090 2837 1.0
3091 2953 1.0
3091 2946 1.0
3092 2838 1.0
3093 3751 1.0
3093 2948 1.0
3094 3324 1.0
3094 3085 1.0
3094 3325 1.0
3094 3203 1.0
3094 2848 1.0
3095 2962 1.0
3096 3210 1.0
3096 3541 1.0
3096 2715 1.0
3096 3325 1.0
3097 2965 1.0
3097 3543 1.0
3098 2966 1.0
3098 3211 1.0
3099 2862 1.0
3099 2974 1.0
3099 3645 1.0
3102 3342 1.0
3102 2862 1.0
3103 2734 1.0
3103 2970 1.0
3103 3546 1.0
3103 3115 1.0
3104 3761 1.0
3104 2729 1.0
3104 2127 1.0
3104 3216 1.0
3109 3340 1.0
3111 3115 1.0
3111 2733 1.0
3112 3342 1.0
3114 2480 1.0
3114 2240 1.0
3114 4082 1.0
3116 2729 1.0
3118 3345 1.0
3118 3218 1.0
3119 2486 1.0
3119 2991 1.0
3120 2474 1.0
3121 2246 1.0
3123 4095 1.0
3124 2242 1.0
3126 2624 1.0
3126 2039 1.0
3127 2493 1.0
3128 2992 1.0
3128 2485 1.0
3128 2746 1.0
3129 2369 1.0
3129 2366 1.0
3130 3355 1.0
3132 3470 1.0
3133 3354 1.0
3137 2881 1.0
3138 3013 1.0
3139 3007 1.0
3140 3240 1.0
3141 3364 1.0
3141 2644 1.0
3142 2504 1.0
3142 3004 1.0
3143 2761 1.0
3143 2888 1.0
3145 3147 2.0
3146 3151 1.0
3146 3366 1.0
3146 2896 1.0
3147 3150 1.0
3148 3153 1.0
3148 3150 1.0
3148 3482 1.0
3149 3483 1.0
3149 3025 1.0
3150 3024 1.0
3150 3264 1.0
3151 2770 1.0
3152 4127 1.0
3152 3483 1.0
3153 3369 1.0
3154 3257 1.0
3155 3149 1.0
3156 3581 1.0
3156 3259 1.0
3159 2784 1.0
3159 2527 1.0
3159 3490 1.0
3161 2890 1.0
3161 4216 1.0
3162 3274 1.0
3163 3815 1.0
3164 3037 1.0
3166 2905 1.0
3167 4229 1.0
3167 3284 1.0
3170 3516 1.0
3170 3520 1.0
3170 3172 1.0
3171 3279 1.0
3172 3169 1.0
3172 3398 1.0
3172 3399 1.0
3173 3613 1.0
3175 3843 1.0
3175 2685 1.0
3175 2680 1.0
3177 2818 1.0
3178 3416 1.0
3178 3291 1.0
3179 3300 1.0
3179 3409 1.0
3180 3411 1.0
3180 3527 1.0
3180 2935 1.0
3180 3184 1.0
3181 2938 1.0
3181 2577 1.0
3181 2576 1.0
3181 2826 1.0
3181 3413 1.0
3183 2818 1.0
3184 3188 1.0
3185 3529 1.0
3185 3412 1.0
3186 2950 1.0
3186 2833 1.0
3187 2314 1.0
3187 3623 1.0
3188 3185 1.0
3188 2832 1.0
3188 2577 1.0
3188 2942 1.0
3189 2947 1.0
3190 3316 1.0
3190 2836 1.0
3191 3426 1.0
3192 3196 1.0
3193 4059 1.0
3194 3856 1.0
3195 2835 1.0
3196 3533 1.0
3197 3094 1.0
3199 3633 1.0
3200 3093 1.0
3201 2463 1.0
3204 3202 1.0
3204 3539 1.0
3205 3207 1.0
3205 3636 1.0
3206 2602 1.0
3206 2961 1.0
3206 2851 1.0
3207 3636 1.0
3210 3442 1.0
3211 2859 1.0
3213 3549 1.0
3213 3553 1.0
3214 3770 1.0
3214 2739 1.0
3214 2611 1.0
3214 2356 1.0
3215 2971 1.0
3215 2129 1.0
3216 3761 1.0
3216 2622 1.0
3217 3870 1.0
3218 3114 1.0
3219 1901 1.0
3220 3657 1.0
3220 3769 1.0
3222 3870 1.0
3222 2993 1.0
3225 2993 1.0
3227 3348 1.0
3227 3127 1.0
3230 3231 1.0
3230 2751 1.0
3231 3468 1.0
3232 3128 1.0
3233 2995 1.0
3233 3671 1.0
3233 3667 1.0
3233 2875 1.0
3234 3467 1.0
3235 2879 1.0
3235 3892 1.0
3235 2759 1.0
3236 3005 1.0
3237 3362 1.0
3237 2758 1.0
3238 3355 1.0
3239 3008 1.0
3240 3009 1.0
3241 3569 1.0
3241 3240 1.0
3241 3012 1.0
3244 3242 1.0
3245 2380 1.0
3245 3802 1.0
3245 3011 1.0
3246 2886 1.0
3247 3015 1.0
3248 2888 1.0
3249 2507 1.0
3249 3156 1.0
3250 2890 1.0
3250 3145 1.0
3250 3156 1.0
3251 3365 1.0
3252 2891 1.0
3252 3255 1.0
3253 2898 1.0
3254 3482 1.0
3257 2895 1.0
3257 2775 1.0
3257 3482 1.0
3258 2527 1.0
3259 3922 1.0
3260 3022 1.0
3261 3584 1.0
3261 3693 1.0
3263 2782 1.0
3263 3146 1.0
3264 3252 1.0
3264 3690 1.0
3265 3915 1.0
3267 3585 1.0
3268 3585 1.0
3268 3498 1.0
3268 3706 1.0
3270 2662 1.0
3270 3034 1.0
3271 3032 1.0
3272 3050 1.0
3273 3922 1.0
3273 2410 1.0
3274 3270 1.0
3275 3506 1.0
3276 2907 1.0
3276 3506 1.0
3277 3382 1.0
3278 2549 1.0
3278 3385 1.0
3279 3598 1.0
3280 3283 1.0
3280 3592 1.0
3280 3508 1.0
3281 3816 1.0
3281 3165 1.0
3282 3052 1.0
3282 3050 1.0
3283 2910 1.0
3283 3509 1.0
3283 3839 1.0
3284 2925 1.0
3285 2675 1.0
3286 3070 1.0
3286 2806 1.0
3287 3516 1.0
3287 3522 1.0
3288 2677 1.0
3288 3611 1.0
3288 3839 1.0
3289 2561 1.0
3289 2682 1.0
3290 3524 1.0
3290 2924 1.0
3290 3839 1.0
3292 3845 1.0
3292 2923 1.0
3292 3723 1.0
3292 3606 1.0
3293 2558 1.0
3293 4044 1.0
3294 3725 1.0
3294 2813 1.0
3295 3721 1.0
3295 3615 1.0
3295 3297 1.0
3296 4621 1.0
3297 3402 1.0
3297 3526 1.0
3297 3173 1.0
3298 2573 1.0
3298 3415 1.0
3299 3069 1.0
3299 3174 1.0
3299 3404 1.0
3299 2928 1.0
3300 2920 1.0
3301 3175 1.0
3301 2567 1.0
3301 3413 1.0
3302 2572 1.0
3303 3409 1.0
3303 2936 1.0
3303 3731 1.0
3304 3410 1.0
3304 3734 1.0
3307 3849 1.0
3307 2583 1.0
3308 3625 1.0
3309 3319 1.0
3310 3622 1.0
3310 3311 1.0
3310 3531 1.0
3311 2947 1.0
3313 2098 1.0
3313 3305 1.0
3313 3198 1.0
3314 3193 1.0
3314 3308 1.0
3314 3860 1.0
3315 3086 1.0
3316 2834 1.0
3316 2319 1.0
3317 3189 1.0
3317 2951 1.0
3317 3427 1.0
3317 3430 1.0
3318 3624 1.0
3319 3188 1.0
3320 3629 1.0
3320 3861 1.0
3321 3089 1.0
3321 4426 1.0
3321 2704 1.0
3321 3084 1.0
3322 3083 1.0
3322 3431 1.0
3322 4069 1.0
3323 2706 1.0
3324 3322 1.0
3325 3434 1.0
3326 2711 1.0
3326 3204 1.0
3326 3970 1.0
3327 2855 1.0
3330 3641 1.0
3330 4078 1.0
3330 3557 1.0
3331 3098 1.0
3332 4077 1.0
3332 3638 1.0
3333 2346 1.0
3333 2611 1.0
3333 2724 1.0
3334 3769 1.0
3335 4081 1.0
3335 3550 1.0
3337 2618 1.0
3338 3346 1.0
3339 3449 1.0
3339 2729 1.0
3339 3117 1.0
3339 2973 1.0
3340 2616 1.0
3340 3652 1.0
3341 3657 1.0
3342 2361 1.0
3343 3116 1.0
3343 3341 1.0
3346 3117 1.0
3347 3221 1.0
3347 2981 1.0
3349 3221 1.0
3349 3658 1.0
3349 3455 1.0
3350 3776 1.0
3350 3559 1.0
3354 3569 1.0
3355 3360 1.0
3355 3240 1.0
3356 3134 1.0
3357 3681 1.0
3357 2758 1.0
3358 3568 1.0
3360 3363 1.0
3360 3568 1.0
3361 3793 1.0
3362 3007 2.0
3364 3006 1.0
3366 3573 1.0
3367 3906 1.0
3367 3264 1.0
3367 2774 1.0
3368 2522 1.0
3368 4221 1.0
3370 3696 1.0
3370 3161 1.0
3371 3587 1.0
3374 2539 1.0
3374 3593 1.0
3374 3033 1.0
3375 2905 1.0
3375 2783 1.0
3378 3374 1.0
3379 2407 1.0
3379 2531 1.0
3380 3826 1.0
3381 3589 1.0
3381 3601 1.0
3381 3499 1.0
3382 3599 1.0
3382 3283 1.0
3385 2799 1.0
3386 2795 1.0
3386 3279 1.0
3387 3509 1.0
3387 3510 1.0
3387 4227 1.0
3387 2188 1.0
3388 3706 1.0
3390 3170 1.0
3391 3596 1.0
3391 3286 1.0
3392 3395 1.0
3392 3284 1.0
3392 3711 1.0
3393 3065 1.0
3393 3517 1.0
3393 3931 1.0
3394 3287 1.0
3394 4041 1.0
3394 3603 1.0
3394 3054 1.0
3396 3287 1.0
3396 3293 1.0
3396 2559 1.0
3396 3838 1.0
3397 2817 1.0
3398 3057 1.0
3398 3951 1.0
3400 2914 1.0
3400 3292 1.0
3401 3397 1.0
3401 3176 1.0
3402 3072 1.0
3404 2821 1.0
3406 4048 1.0
3406 3183 1.0
3406 3613 1.0
3407 3177 1.0
3407 2934 1.0
3408 3414 1.0
3409 3305 1.0
3409 3407 1.0
3410 3727 1.0
3411 2825 1.0
3411 3417 1.0
3412 3733 1.0
3414 3411 1.0
3415 3527 1.0
3415 3078 1.0
3415 4158 1.0
3416 3855 1.0
3416 3736 1.0
3418 3304 1.0
3418 3302 1.0
3420 3960 1.0
3420 3304 1.0
3420 3186 1.0
3420 4058 1.0
3421 3957 1.0
3421 3621 1.0
3423 3313 1.0
3423 3859 1.0
3423 3320 1.0
3424 3310 1.0
3424 2582 1.0
3424 3629 1.0
3424 3192 1.0
3425 3429 1.0
3425 2941 1.0
3426 3627 1.0
3426 3963 1.0
3427 2832 1.0
3430 3433 1.0
3430 3425 1.0
3432 3745 1.0
3432 2951 1.0
3433 3322 1.0
3433 3194 1.0
3434 3745 1.0
3434 3200 1.0
3435 3536 1.0
3436 3745 1.0
3437 3434 1.0
3437 3749 1.0
3439 3326 1.0
3439 4067 1.0
3440 3329 1.0
3441 2853 1.0
3442 3552 1.0
3442 3210 1.0
3443 3643 1.0
3444 2726 1.0
3444 3641 1.0
3444 4081 1.0
3444 2969 1.0
3445 3547 1.0
3445 3099 1.0
3446 3657 1.0
3447 3451 1.0
3447 2347 1.0
3447 4184 1.0
3448 3341 1.0
3448 3878 1.0
3449 3763 1.0
3450 3763 1.0
3451 3556 1.0
3452 3346 1.0
3454 3109 1.0
3456 3657 1.0
3457 4105 1.0
3457 3774 1.0
3461 4110 1.0
3461 3662 1.0
3464 3788 1.0
3465 3462 1.0
3465 3668 1.0
3466 3128 1.0
3467 3884 1.0
3468 2997 1.0
3469 3358 1.0
3471 2646 1.0
3471 3136 1.0
3472 3468 1.0
3472 4010 1.0
3472 3474 1.0
3477 3799 1.0
3478 3241 1.0
3479 3023 1.0
3480 3477 1.0
3481 3485 1.0
3481 3808 1.0
3481 3684 1.0
3482 3903 1.0
3482 3484 1.0
3482 3802 1.0
3483 3803 1.0
3484 3252 1.0
3485 3484 1.0
3485 3904 1.0
3486 3688 1.0
3486 3687 1.0
3487 3582 1.0
3487 3490 1.0
3487 3149 1.0
3487 3261 1.0
3488 3489 1.0
3488 3030 1.0
3488 3692 1.0
3489 3260 1.0
3489 3258 1.0
3490 3486 1.0
3490 3497 1.0
3490 3813 1.0
3491 3809 1.0
3491 3907 1.0
3492 3588 1.0
3493 3268 1.0
3494 3160 1.0
3494 2787 1.0
3494 3919 1.0
3495 3809 1.0
3497 3590 1.0
3497 3708 1.0
3498 3495 1.0
3498 3814 2.0
3498 3699 1.0
3499 3375 1.0
3500 3267 1.0
3500 2401 1.0
3502 3817 1.0
3502 3815 1.0
3502 3703 1.0
3503 3038 1.0
3505 3168 1.0
3505 3044 1.0
3505 3278 1.0
3505 2914 1.0
3506 3707 1.0
3506 3927 1.0
3507 3053 1.0
3507 4143 1.0
3508 3388 1.0
3508 2909 1.0
3508 4145 1.0
3509 2803 1.0
3510 3701 1.0
3510 4034 1.0
3510 3925 1.0
3511 3385 1.0
3512 3056 1.0
3512 3062 1.0
3512 3826 1.0
3513 3604 1.0
3514 3934 1.0
3515 3393 1.0
3516 4155 1.0
3516 4052 1.0
3517 3609 1.0
3518 3396 1.0
3519 3299 1.0
3520 3521 1.0
3520 3603 1.0
3521 3172 1.0
3522 2931 1.0
3523 3617 1.0
3523 3616 1.0
3523 4231 1.0
3524 3842 1.0
3526 4246 1.0
3527 3619 1.0
3527 3728 1.0
3530 3417 1.0
3531 3739 1.0
3532 3420 1.0
3532 2945 1.0
3532 3307 1.0
3535 2953 1.0
3535 3965 1.0
3537 3746 1.0
3537 3323 1.0
3537 3539 1.0
3537 3633 1.0
3537 3197 1.0
3538 2601 1.0
3538 3747 1.0
3538 3198 1.0
3539 2603 1.0
3540 2845 1.0
3540 3538 1.0
3541 3441 1.0
3542 3544 1.0
3543 4186 1.0
3543 3758 1.0
3544 2612 1.0
3545 3643 1.0
3545 3867 1.0
3547 3100 1.0
3548 3214 1.0
3548 3549 1.0
3549 3981 1.0
3549 4186 1.0
3549 2730 1.0
3550 3103 1.0
3551 3980 1.0
3551 3649 1.0
3553 3654 1.0
3553 3098 1.0
3554 3761 1.0
3554 3329 1.0
3554 3654 1.0
3555 3767 1.0
3556 4102 1.0
3557 3453 1.0
3557 3214 1.0
3557 3660 1.0
3559 2873 1.0
3559 4440 1.0
3560 3661 1.0
3561 3875 1.0
3564 3788 1.0
3564 3790 1.0
3565 3468 1.0
3567 4001 1.0
3568 2882 1.0
3568 3787 1.0
3572 3478 1.0
3572 3141 1.0
3574 3899 1.0
3574 3355 1.0
3575 3898 1.0
3575 3576 1.0
3576 2773 1.0
3576 3245 1.0
3576 4012 1.0
3577 3145 1.0
3577 3911 1.0
3578 3695 1.0
3579 3481 1.0
3580 3156 1.0
3581 2782 1.0
3581 3695 1.0
3582 3258 1.0
3584 3262 1.0
3584 3261 1.0
3585 3815 1.0
3586 3031 1.0
3587 4025 1.0
3587 3037 1.0
3587 3492 1.0
3587 3367 1.0
3588 3028 1.0
3590 4142 1.0
3591 4138 1.0
3593 3279 1.0
3593 3822 1.0
3593 3927 1.0
3594 3376 1.0
3596 3825 1.0
3596 3387 1.0
3597 3825 1.0
3597 3378 1.0
3600 3711 1.0
3601 3599 1.0
3601 3385 1.0
3602 3604 1.0
3602 3376 1.0
3603 3170 1.0
3604 3828 1.0
3604 3831 1.0
3605 4462 1.0
3606 3616 1.0
3606 3605 1.0
3606 3720 1.0
3607 3941 1.0
3607 2562 1.0
3609 3604 1.0
3609 3403 1.0
3610 3520 1.0
3610 3727 1.0
3610 3618 1.0
3611 4156 1.0
3612 3519 1.0
3612 3608 1.0
3612 3301 1.0
3613 3950 1.0
3615 3404 1.0
3615 3525 1.0
3616 3956 1.0
3616 3847 1.0
3617 3415 1.0
3618 3853 1.0
3620 3416 1.0
3620 3297 1.0
3621 2824 1.0
3621 3078 1.0
3622 4247 1.0
3622 3618 1.0
3624 3732 1.0
3624 3736 1.0
3624 3311 1.0
3624 3082 1.0
3625 3740 1.0
3625 3083 1.0
3625 3961 1.0
3626 4162 1.0
3627 3860 1.0
3627 3963 1.0
3629 4255 1.0
3629 3859 1.0
3629 3740 1.0
3630 3746 1.0
3632 3748 1.0
3633 3753 1.0
3634 3972 1.0
3635 3867 1.0
3635 3972 1.0
3636 3440 1.0
3638 3209 1.0
3639 3208 1.0
3640 3436 1.0
3641 3640 1.0
3643 2964 1.0
3645 3772 1.0
3646 3340 1.0
3646 3878 1.0
3646 3100 1.0
3646 3648 1.0
3649 3214 1.0
3649 3103 1.0
3649 3981 1.0
3649 2864 1.0
3650 3766 1.0
3650 3547 1.0
3650 2121 1.0
3650 3875 1.0
3651 3982 1.0
3651 3648 1.0
3652 3334 2.0
3652 4189 1.0
3652 4429 1.0
3652 4085 1.0
3653 3547 1.0
3653 3644 1.0
3653 4077 1.0
3654 3345 1.0
3656 3457 1.0
3656 3117 1.0
3657 3223 1.0
3658 2872 1.0
3658 3777 1.0
3658 3456 1.0
3659 3348 1.0
3660 3461 1.0
3660 3659 1.0
3660 3883 1.0
3660 3558 1.0
3661 3344 1.0
3662 3989 2.0
3662 3663 1.0
3664 3130 1.0
3665 3464 1.0
3667 3224 1.0
3667 3559 1.0
3668 3664 1.0
3670 3666 1.0
3670 3667 1.0
3672 3232 1.0
3673 4111 1.0
3675 3791 1.0
3675 3233 1.0
3675 3566 1.0
3676 3566 1.0
3676 3234 1.0
3676 3463 1.0
3676 3796 1.0
3678 3885 1.0
3678 4000 1.0
3678 3996 1.0
3679 3788 1.0
3681 3577 1.0
3681 2760 1.0
3682 4007 1.0
3682 3250 1.0
3683 3900 1.0
3683 3474 1.0
3685 3148 1.0
3685 4011 1.0
3686 3480 1.0
3686 3251 1.0
3686 4291 1.0
3687 3481 1.0
3687 3583 1.0
3687 4016 1.0
3688 3255 1.0
3688 3252 1.0
3688 4016 1.0
3689 4134 1.0
3689 3261 1.0
3690 3580 2.0
3690 3805 1.0
3691 3579 1.0
3692 3370 1.0
3693 4453 1.0
3694 3916 1.0
3695 3583 1.0
3695 3593 1.0
3696 4138 1.0
3696 3702 1.0
3698 4384 1.0
3700 3495 1.0
3700 3588 1.0
3700 3698 1.0
3701 3592 1.0
3701 3502 1.0
3703 3375 1.0
3703 3590 1.0
3704 3819 1.0
3704 3502 1.0
3706 3831 1.0
3706 3276 1.0
3706 2541 1.0
3707 3711 1.0
3708 3827 1.0
3708 3925 1.0
3708 3386 1.0
3708 3168 1.0
3709 3389 1.0
3709 4029 1.0
3711 3943 1.0
3711 3381 1.0
3712 3935 1.0
3712 3516 1.0
3713 3048 1.0
3713 3829 1.0
3714 3603 1.0
3714 3285 1.0
3714 3056 1.0
3715 3067 1.0
3717 3837 1.0
3717 4031 1.0
3718 3391 1.0
3718 3290 1.0
3718 3603 1.0
3720 3520 1.0
3720 4151 1.0
3721 3606 1.0
3721 3718 1.0
3722 3724 1.0
3722 3611 1.0
3723 4053 1.0
3723 3301 1.0
3724 4332 1.0
3724 3299 2.0
3724 3956 1.0
3725 4785 1.0
3725 4154 1.0
3725 3401 1.0
3726 3301 1.0
3726 3842 1.0
3727 3614 1.0
3727 3405 1.0
3727 3071 1.0
3727 4048 1.0
3731 3620 1.0
3732 4483 1.0
3732 3734 1.0
3734 3619 1.0
3735 4060 1.0
3736 3318 1.0
3737 3625 1.0
3737 4169 1.0
3737 3852 1.0
3737 3735 1.0
3738 3742 1.0
3739 3320 1.0
3740 3736 1.0
3740 3960 1.0
3740 4162 1.0
3740 3312 1.0
3742 3316 1.0
3742 3744 1.0
3744 3627 1.0
3745 3430 1.0
3745 3753 1.0
3745 3321 1.0
3750 3538 1.0
3751 3747 1.0
3752 3320 1.0
3754 3865 1.0
3754 3633 1.0
3755 3864 1.0
3756 4068 1.0
3758 3640 1.0
3758 4418 1.0
3759 4084 1.0
3762 2735 1.0
3762 4430 1.0
3765 3453 1.0
3765 3106 1.0
3766 3650 1.0
3767 4092 1.0
3768 2970 1.0
3768 3987 1.0
3769 3345 1.0
3769 3340 1.0
3770 4181 1.0
3770 3449 1.0
3770 3876 1.0
3771 3555 1.0
3772 3558 1.0
3772 3654 1.0
3773 4272 1.0
3773 4369 1.0
3774 3556 1.0
3775 2031 1.0
3775 4435 1.0
3777 3873 1.0
3777 2626 1.0
3778 4280 1.0
3780 3666 1.0
3781 2876 1.0
3782 3228 1.0
3782 3229 1.0
3782 3669 1.0
3783 3673 1.0
3783 3782 1.0
3784 3997 1.0
3785 3234 1.0
3785 3231 1.0
3786 3777 1.0
3787 3233 1.0
3788 3789 1.0
3788 4109 1.0
3788 3882 1.0
3789 3675 1.0
3790 4374 1.0
3792 3566 1.0
3792 3358 1.0
3792 3998 1.0
3793 3142 1.0
3795 3897 1.0
3795 4006 1.0
3795 4115 1.0
3795 3010 1.0
3796 4006 1.0
3797 3364 1.0
3798 3364 1.0
3798 4008 1.0
3798 4123 1.0
3799 3578 1.0
3801 3476 1.0
3801 3251 1.0
3802 3479 1.0
3802 3245 1.0
3803 3690 1.0
3805 3580 1.0
3806 3688 1.0
3806 4011 1.0
3806 3805 1.0
3806 4125 1.0
3807 3809 1.0
3807 4017 1.0
3808 3908 1.0
3808 3255 2.0
3808 4025 1.0
3809 3253 1.0
3809 3903 1.0
3809 3808 1.0
3809 3902 1.0
3810 4136 1.0
3810 3487 1.0
3811 3816 1.0
3813 3495 1.0
3815 3031 1.0
3815 4221 1.0
3816 3496 1.0
3816 3817 1.0
3818 3703 1.0
3820 3819 1.0
3820 3704 1.0
3820 4033 1.0
3821 3597 1.0
3822 3598 1.0
3823 4391 1.0
3823 4035 1.0
3823 3379 1.0
3824 3936 1.0
3824 3928 1.0
3825 4229 1.0
3825 4310 1.0
3826 3048 1.0
3826 3503 1.0
3826 4539 1.0
3827 3930 1.0
3827 3719 1.0
3827 3599 1.0
3830 3051 1.0
3831 3717 1.0
3832 3064 1.0
3833 4038 1.0
3834 3833 1.0
3836 3607 1.0
3836 4042 1.0
3836 3933 1.0
3837 4469 1.0
3839 4235 1.0
3839 3517 1.0
3839 4327 1.0
3841 3524 1.0
3841 3296 1.0
3841 3839 1.0
3842 4050 1.0
3842 4040 1.0
3843 3950 1.0
3843 3617 1.0
3844 4055 1.0
3844 3406 1.0
3845 3613 1.0
3847 3957 1.0
3849 3622 1.0
3849 3317 1.0
3850 3738 1.0
3850 3302 1.0
3851 3422 1.0
3852 3311 1.0
3853 4253 1.0
3853 4058 1.0
3853 4049 1.0
3854 3857 1.0
3854 3734 1.0
3854 3961 1.0
3855 3733 1.0
3855 4163 1.0
3856 3742 1.0
3857 3739 1.0
3857 3737 1.0
3859 3531 1.0
3859 3631 1.0
3860 4057 1.0
3861 3630 1.0
3861 3426 1.0
3862 3629 1.0
3862 3968 1.0
3863 3759 1.0
3863 4074 1.0
3863 3205 1.0
3866 4807 1.0
3866 3864 1.0
3869 3641 1.0
3872 3655 1.0
3872 3557 1.0
3873 3876 1.0
3874 3766 1.0
3875 4498 1.0
3875 2623 1.0
3876 3647 1.0
3877 3987 1.0
3877 4084 1.0
3877 3991 1.0
3879 3772 1.0
3879 3664 1.0
3880 4102 1.0
3880 3773 1.0
3880 3458 1.0
3881 3783 1.0
3881 4506 1.0
3882 4366 1.0
3883 4197 1.0
3883 3666 1.0
3884 3228 1.0
3884 4368 1.0
3885 3993 1.0
3886 3676 1.0
3886 4002 1.0
3886 4001 1.0
3889 3789 1.0
3889 3471 1.0
3890 3998 1.0
3891 3566 1.0
3891 4119 1.0
3892 3573 1.0
3892 3674 1.0
3892 3465 1.0
3892 3576 1.0
3893 4006 1.0
3894 4012 1.0
3894 3679 1.0
3895 4199 1.0
3895 4003 1.0
3895 4292 1.0
3897 3571 1.0
3897 4123 1.0
3897 4011 1.0
3899 3572 1.0
3900 4205 1.0
3901 3899 1.0
3902 4010 1.0
3903 4023 1.0
3903 3799 1.0
3905 3481 1.0
3906 3365 1.0
3907 4450 1.0
3908 3260 1.0
3909 4217 1.0
3909 4304 1.0
3909 3153 1.0
3909 4529 1.0
3910 3806 1.0
3910 3490 1.0
3911 4529 1.0
3911 4026 1.0
3911 4604 1.0
3912 4131 1.0
3913 3916 1.0
3913 3696 1.0
3914 4025 1.0
3914 4129 1.0
3915 3808 1.0
3915 4029 1.0
3915 3910 1.0
3916 3500 1.0
3916 3588 1.0
3917 3380 1.0
3917 4222 1.0
3917 3920 1.0
3917 4024 1.0
3917 3270 1.0
3918 3811 1.0
3919 4027 1.0
3920 3824 1.0
3921 2542 1.0
3921 4223 1.0
3922 4144 1.0
3922 4145 1.0
3923 3818 1.0
3924 4033 1.0
3924 3165 1.0
3924 3926 1.0
3925 3917 1.0
3925 3279 1.0
3926 3374 1.0
3926 4136 1.0
3926 4386 1.0
3928 3278 1.0
3930 3815 1.0
3930 4544 1.0
3930 4322 1.0
3931 3710 1.0
3931 4610 1.0
3932 3708 1.0
3934 4317 1.0
3934 3050 1.0
3935 3511 1.0
3935 3384 1.0
3936 3832 1.0
3937 3952 1.0
3937 4463 1.0
3938 4234 1.0
3939 4681 1.0
3939 3835 1.0
3940 4039 1.0
3940 3840 1.0
3941 3725 1.0
3941 3397 1.0
3942 3393 1.0
3942 3400 1.0
3942 3717 1.0
3942 4335 1.0
3942 3935 1.0
3942 3602 1.0
3943 4550 1.0
3943 4548 1.0
3944 3942 1.0
3945 3610 1.0
3945 4335 1.0
3946 4911 1.0
3946 4040 1.0
3946 4542 1.0
3946 4240 1.0
3946 3840 1.0
3948 4473 1.0
3948 4152 1.0
3949 4684 1.0
3951 3401 1.0
3952 3617 1.0
3952 3949 1.0
3953 4332 1.0
3955 4406 1.0
3957 3731 1.0
3957 4160 1.0
3957 3178 1.0
3958 4242 1.0
3959 4062 1.0
3959 4057 1.0
3960 3429 1.0
3960 4167 1.0
3961 3743 1.0
3962 4062 1.0
3962 3735 1.0
3963 4163 1.0
3964 4066 1.0
3964 4173 1.0
3965 3437 1.0
3966 4173 1.0
3967 4064 1.0
3967 4698 1.0
3967 4567 1.0
3968 3430 1.0
3969 3756 1.0
3971 3640 1.0
3971 4347 1.0
3972 3867 1.0
3974 3641 1.0
3974 3980 1.0
3974 4265 1.0
3977 4356 1.0
3977 4269 1.0
3977 3644 1.0
3977 3332 1.0
3979 4185 1.0
3980 3339 1.0
3980 3869 1.0
3981 3767 1.0
3981 4191 1.0
3982 4189 1.0
3983 3652 1.0
3984 3655 1.0
3984 4085 1.0
3985 3992 1.0
3986 3988 1.0
3986 3665 1.0
3987 4106 1.0
3987 3668 1.0
3987 4095 1.0
3987 3991 1.0
3987 3776 1.0
3988 3664 1.0
3988 3773 1.0
3989 4367 1.0
3989 4194 1.0
3989 3460 1.0
3990 4097 1.0
3991 4098 1.0
3992 3666 1.0
3992 4197 1.0
3993 4363 1.0
3993 3353 1.0
3993 4279 1.0
3994 2992 1.0
3995 3785 1.0
3997 4278 1.0
3997 3677 1.0
3998 4515 1.0
3998 4201 1.0
3999 4002 1.0
4001 3887 1.0
4001 4116 1.0
4004 3568 1.0
4005 4377 1.0
4006 4289 1.0
4006 4209 1.0
4007 3896 1.0
4008 4119 1.0
4010 3685 1.0
4010 3682 1.0
4010 4122 1.0
4011 4201 1.0
4011 4010 1.0
4012 4124 1.0
4012 4380 1.0
4012 4006 1.0
4013 4450 1.0
4013 3804 1.0
4014 3905 1.0
4015 3158 1.0
4016 3810 1.0
4017 3155 1.0
4017 3688 1.0
4017 4521 1.0
4019 3587 1.0
4021 4130 1.0
4021 4447 1.0
4022 3579 1.0
4023 3913 1.0
4023 4221 1.0
4026 4386 1.0
4027 3496 1.0
4027 4454 1.0
4027 3696 1.0
4027 3699 1.0
4027 3703 1.0
4028 4224 1.0
4029 4313 1.0
4029 4395 1.0
4029 4307 1.0
4032 3709 1.0
4032 3060 1.0
4033 4391 1.0
4034 4723 1.0
4036 3289 1.0
4036 4616 1.0
4037 3378 1.0
4038 3513 1.0
4039 3710 1.0
4041 4730 1.0
4042 4324 1.0
4044 3719 1.0
4044 3603 1.0
4045 3726 1.0
4045 4470 1.0
4045 3616 1.0
4045 4053 1.0
4046 3398 1.0
4046 4334 1.0
4047 3954 1.0
4048 4618 1.0
4048 3845 1.0
4051 3954 1.0
4052 3947 1.0
4053 4473 1.0
4054 4472 1.0
4054 3947 1.0
4055 4160 1.0
4055 4056 1.0
4056 4245 1.0
4057 4164 1.0
4057 3420 1.0
4058 4620 1.0
4058 3422 1.0
4059 4344 1.0
4060 4053 1.0
4061 4250 1.0
4061 4481 1.0
4062 4251 1.0
4062 3626 1.0
4063 4061 1.0
4063 3858 1.0
4064 3630 1.0
4064 3750 1.0
4064 3751 1.0
4064 3741 1.0
4064 4061 1.0
4064 4174 1.0
4067 3967 1.0
4069 4486 1.0
4071 4349 1.0
4072 3756 1.0
4072 4429 1.0
4073 4068 1.0
4073 4174 1.0
4074 3541 1.0
4074 4272 1.0
4076 4563 1.0
4076 3645 1.0
4077 3972 1.0
4077 4572 1.0
4077 3639 1.0
4077 4489 1.0
4078 3655 1.0
4078 3770 1.0
4079 3988 1.0
4079 4265 1.0
4079 3983 1.0
4080 4635 1.0
4081 4262 1.0
4081 4080 1.0
4082 4091 1.0
4082 3539 1.0
4082 3867 1.0
4082 3873 1.0
4083 4569 1.0
4083 3334 1.0
4086 4092 1.0
4087 4358 1.0
4087 4267 1.0
4088 4270 1.0
4089 3989 1.0
4090 3350 1.0
4090 4497 1.0
4091 3771 1.0
4092 3555 1.0
4093 3777 1.0
4093 4438 1.0
4094 3883 1.0
4094 3983 1.0
4094 3341 1.0
4095 4362 1.0
4098 4195 1.0
4098 4356 1.0
4098 4095 1.0
4100 3656 1.0
4100 3117 1.0
4101 3556 1.0
4101 4368 1.0
4102 4103 1.0
4102 3665 1.0
4103 4105 1.0
4105 4505 1.0
4105 4103 1.0
4106 4288 1.0
4107 4281 1.0
4108 3787 1.0
4108 4115 1.0
4109 4442 1.0
4110 4200 1.0
4110 4371 1.0
4110 3996 1.0
4111 4293 1.0
4112 3788 1.0
4112 4000 1.0
4112 3996 1.0
4112 4506 1.0
4113 4282 1.0
4114 4004 1.0
4114 3570 1.0
4115 4007 1.0
4115 3675 1.0
4115 3674 1.0
4115 4001 1.0
4115 4515 1.0
4116 4121 1.0
4116 4657 1.0
4116 3889 1.0
4117 4114 1.0
4117 3677 1.0
4118 3897 1.0
4122 3363 1.0
4123 3686 1.0
4124 4022 1.0
4126 3804 1.0
4127 4215 1.0
4127 4216 1.0
4127 3262 1.0
4127 3904 1.0
4129 3368 1.0
4129 3588 1.0
4130 4532 1.0
4130 3807 1.0
4130 3263 1.0
4131 4383 1.0
4131 4530 1.0
4131 4134 1.0
4131 3919 1.0
4132 3813 1.0
4134 3811 1.0
4135 4132 1.0
4135 4300 1.0
4136 3920 1.0
4138 3700 1.0
4139 4133 1.0
4139 4386 1.0
4140 4031 1.0
4140 3923 1.0
4141 3817 1.0
4143 3707 1.0
4144 3926 1.0
4145 4034 1.0
4145 3700 1.0
4148 3515 1.0
4149 4154 1.0
4149 4331 1.0
4150 3945 1.0
4151 3948 1.0
4151 4475 1.0
4152 4041 1.0
4153 4036 1.0
4154 3947 1.0
4156 3718 1.0
4156 4550 1.0
4158 4623 1.0
4158 4245 1.0
4162 4415 1.0
4162 3528 1.0
4163 3530 1.0
4163 3532 1.0
4163 4165 1.0
4164 3623 1.0
4165 3735 1.0
4166 4562 1.0
4167 4690 1.0
4168 4484 1.0
4169 4423 1.0
4169 4421 1.0
4169 4480 1.0
4170 4483 1.0
4170 4558 1.0
4173 4170 1.0
4173 3640 1.0
4175 3863 1.0
4176 4066 1.0
4176 4564 1.0
4176 3757 1.0
4177 4262 1.0
4178 4429 1.0
4179 4267 1.0
4180 4426 1.0
4181 4078 1.0
4182 3758 1.0
4183 4356 1.0
4184 4089 1.0
4184 4636 1.0
4184 3878 1.0
4185 3659 1.0
4185 4180 1.0
4186 3654 1.0
4186 4857 1.0
4186 4267 1.0
4186 4181 1.0
4187 3978 1.0
4187 4639 1.0
4188 4496 1.0
4188 4271 1.0
4188 3978 1.0
4188 4639 1.0
4189 4194 2.0
4189 4511 1.0
4190 4189 1.0
4190 3876 1.0
4190 4084 1.0
4192 4097 1.0
4193 4359 1.0
4193 4188 1.0
4193 3876 1.0
4194 4193 1.0
4194 4101 1.0
4194 4360 1.0
4194 4440 1.0
4195 3987 1.0
4195 4100 1.0
4196 4579 1.0
4197 3782 1.0
4198 4366 1.0
4198 3990 1.0
4201 3890 1.0
4201 4440 1.0
4202 4378 1.0
4202 3888 1.0
4202 4003 1.0
4202 4377 1.0
4203 3893 1.0
4205 4015 1.0
4207 4831 1.0
4207 4017 1.0
4208 3683 1.0
4208 3809 1.0
4208 3804 1.0
4208 3800 1.0
4210 4592 1.0
4210 4127 1.0
4211 4298 1.0
4211 4016 1.0
4212 4447 1.0
4212 4522 1.0
4212 4210 1.0
4213 3913 1.0
4214 4129 1.0
4215 4708 1.0
4215 4297 1.0
4216 4383 1.0
4216 4222 1.0
4216 4023 1.0
4218 4211 1.0
4219 3498 1.0
4219 3694 1.0
4220 4016 1.0
4220 4131 1.0
4221 4676 1.0
4222 4383 1.0
4222 3912 1.0
4222 4596 1.0
4222 4599 1.0
4223 4321 1.0
4225 4606 1.0
4226 3916 1.0
4227 4140 1.0
4227 3813 1.0
4227 4397 1.0
4228 4130 1.0
4228 4608 1.0
4228 4229 1.0
4229 4321 1.0
4230 3703 1.0
4230 3816 1.0
4230 4455 1.0
4231 4323 1.0
4231 4402 1.0
4232 4043 1.0
4235 4147 1.0
4235 3944 1.0
4236 3950 1.0
4236 3519 1.0
4237 4154 1.0
4237 4051 1.0
4239 3946 1.0
4239 4150 1.0
4239 3610 1.0
4239 3936 1.0
4240 4332 1.0
4240 3943 1.0
4242 3955 1.0
4243 4478 1.0
4243 4476 1.0
4244 4475 1.0
4244 4479 1.0
4245 3730 1.0
4245 4550 1.0
4245 4244 1.0
4246 4056 1.0
4248 4246 1.0
4248 4881 1.0
4249 4158 1.0
4250 3962 1.0
4251 4416 1.0
4251 3960 1.0
4252 3959 1.0
4252 4254 1.0
4253 3850 1.0
4253 4412 1.0
4253 3852 1.0
4254 4556 1.0
4255 4058 1.0
4255 4066 1.0
4255 4172 1.0
4255 4257 1.0
4255 3629 1.0
4257 3746 1.0
4258 4169 1.0
4258 4067 1.0
4258 4490 1.0
4259 4630 1.0
4260 4422 1.0
4260 4352 1.0
4261 4635 2.0
4261 4177 1.0
4261 4631 1.0
4262 4699 1.0
4262 4078 1.0
4262 4175 1.0
4263 4492 1.0
4264 3970 1.0
4264 4080 1.0
4265 4490 1.0
4266 4262 1.0
4266 4260 1.0
4267 3656 1.0
4267 4361 1.0
4268 4281 1.0
4269 3549 1.0
4270 4644 1.0
4272 4085 1.0
4272 3761 1.0
4272 3655 1.0
4273 4362 1.0
4273 4093 1.0
4274 3664 1.0
4275 4507 1.0
4275 4189 1.0
4276 4194 1.0
4277 3778 1.0
4277 4090 1.0
4278 4754 1.0
4278 3881 1.0
4279 4502 1.0
4280 3890 1.0
4280 4814 1.0
4281 4093 1.0
4281 4577 1.0
4282 3786 1.0
4282 3995 1.0
4284 4110 1.0
4284 4509 1.0
4285 3667 1.0
4285 4200 1.0
4286 4658 1.0
4286 4587 1.0
4287 3887 1.0
4287 4008 1.0
4288 3883 1.0
4288 3784 1.0
4288 3564 1.0
4288 3789 1.0
4288 4200 1.0
4289 3897 1.0
4289 4514 1.0
4293 3798 1.0
4293 4523 1.0
4293 4121 1.0
4295 4378 1.0
4295 4588 1.0
4297 4127 1.0
4298 4528 1.0
4299 3904 1.0
4299 3802 1.0
4299 3909 1.0
4300 4297 1.0
4300 4450 1.0
4301 4218 1.0
4301 4451 1.0
4301 4525 1.0
4302 4301 1.0
4302 3697 1.0
4302 4220 1.0
4303 3920 1.0
4303 4140 1.0
4303 4384 1.0
4304 3912 1.0
4304 4305 1.0
4304 3909 1.0
4305 4303 1.0
4306 4302 1.0
4306 4129 1.0
4306 3591 1.0
4307 3697 1.0
4307 4303 1.0
4308 4388 1.0
4309 4142 1.0
4309 4318 1.0
4310 4223 1.0
4311 3705 1.0
4311 4727 1.0
4311 3820 1.0
4311 4392 1.0
4312 4309 1.0
4313 4728 1.0
4313 4679 1.0
4314 4394 1.0
4314 4148 1.0
4314 4319 1.0
4315 4230 1.0
4316 3939 1.0
4317 4030 1.0
4317 4027 1.0
4317 4149 1.0
4318 4541 1.0
4318 4459 1.0
4319 4789 1.0
4319 4137 1.0
4319 4726 1.0
4320 4313 1.0
4321 4032 1.0
4321 4468 1.0
4321 4313 1.0
4322 4725 1.0
4323 4732 1.0
4323 4317 1.0
4324 4544 1.0
4325 4042 1.0
4328 4325 1.0
4328 3844 1.0
4330 3722 1.0
4330 4238 1.0
4331 4046 1.0
4331 4043 1.0
4332 4479 1.0
4333 4237 1.0
4335 3303 1.0
4335 4051 1.0
4336 4406 1.0
4336 4162 1.0
4336 4735 1.0
4338 4247 1.0
4339 4337 1.0
4340 4334 1.0
4342 3960 1.0
4342 4689 1.0
4343 4062 1.0
4343 4417 1.0
4344 4551 1.0
4344 4255 1.0
4345 4165 1.0
4345 4339 1.0
4346 4167 1.0
4346 4629 1.0
4347 4560 1.0
4347 4260 1.0
4348 3968 1.0
4348 4804 1.0
4348 4560 1.0
4348 4058 1.0
4348 4559 1.0
4350 3971 1.0
4350 4177 1.0
4350 4480 1.0
4350 4262 1.0
4351 4564 1.0
4351 4176 1.0
4351 4428 1.0
4351 4260 1.0
4353 3760 1.0
4354 4263 1.0
4354 4177 1.0
4355 3652 1.0
4355 4358 1.0
4357 4570 1.0
4357 4751 1.0
4357 4496 1.0
4357 3978 1.0
4358 4264 1.0
4358 3977 1.0
4359 4504 1.0
4360 4580 1.0
4360 4093 1.0
4361 4357 1.0
4363 4365 1.0
4364 4370 1.0
4364 4197 1.0
4365 4101 1.0
4366 4440 1.0
4366 3785 1.0
4366 4099 1.0
4367 4111 1.0
4367 4369 1.0
4368 4108 1.0
4368 4280 1.0
4368 4105 1.0
4369 4513 1.0
4370 4514 1.0
4372 4930 1.0
4373 4112 1.0
4373 4448 1.0
4373 4511 1.0
4373 3789 1.0
4375 4118 1.0
4375 3793 1.0
4376 4119 1.0
4376 4295 1.0
4376 4704 1.0
4377 4379 1.0
4377 4294 1.0
4377 4518 1.0
4378 4661 1.0
4379 4208 1.0
4380 4668 1.0
4380 4297 1.0
4381 4203 1.0
4384 3916 1.0
4385 3926 1.0
4386 4226 1.0
4387 4305 1.0
4387 3697 1.0
4387 4523 1.0
4388 4566 1.0
4388 4530 1.0
4389 4725 1.0
4389 4530 1.0
4390 4391 1.0
4391 4310 1.0
4392 4531 1.0
4392 4228 1.0
4392 4138 1.0
4392 4030 1.0
4393 4026 1.0
4393 4772 1.0
4394 4390 1.0
4394 4534 1.0
4396 4871 1.0
4396 4141 1.0
4396 4388 1.0
4398 4325 1.0
4399 4469 1.0
4399 4465 1.0
4400 3712 1.0
4400 4326 1.0
4402 4790 1.0
4402 4545 1.0
4402 3603 1.0
4404 4333 1.0
4404 4242 1.0
4404 3949 1.0
4405 4327 1.0
4406 3843 1.0
4406 3844 1.0
4406 4476 1.0
4407 4232 1.0
4408 4159 1.0
4408 4412 1.0
4409 4840 1.0
4409 4245 1.0
4410 4159 1.0
4412 4790 1.0
4412 4791 1.0
4412 3847 1.0
4413 4341 1.0
4414 4061 1.0
4414 4478 1.0
4415 4944 1.0
4415 4340 1.0
4416 4697 1.0
4416 4341 1.0
4416 4625 1.0
4417 4559 1.0
4417 3959 1.0
4417 4164 1.0
4417 4248 1.0
4417 4413 1.0
4418 4346 1.0
4418 4415 1.0
4418 4244 1.0
4419 4255 1.0
4419 3854 1.0
4421 4422 1.0
4422 3633 1.0
4424 4168 1.0
4426 4492 1.0
4426 4072 1.0
4426 4644 1.0
4426 4700 1.0
4426 4082 1.0
4427 4179 1.0
4427 4084 1.0
4429 4184 1.0
4429 4491 1.0
4429 4569 1.0
4430 4264 1.0
4430 3878 1.0
4430 4266 1.0
4431 4432 1.0
4431 4436 1.0
4433 4362 1.0
4433 4650 1.0
4434 4093 1.0
4436 4501 1.0
4436 4276 1.0
4437 4364 1.0
4438 3987 1.0
4438 4508 1.0
4438 4499 1.0
4439 4099 1.0
4439 4436 1.0
4441 4200 1.0
4441 3781 1.0
4441 3991 1.0
4442 4374 1.0
4444 4662 1.0
4446 4526 1.0
4447 4451 1.0
4447 4287 1.0
4448 4706 1.0
4448 4587 1.0
4448 4124 1.0
4448 4591 1.0
4449 4672 1.0
4450 4453 1.0
4451 4296 1.0
4451 3803 1.0
4452 4525 1.0
4452 4771 1.0
4453 4672 1.0
4453 4716 1.0
4454 3165 1.0
4456 4772 1.0
4457 4725 1.0
4457 4676 1.0
4458 4614 1.0
4458 4392 1.0
4458 4537 1.0
4459 4839 1.0
4460 4392 1.0
4460 4461 1.0
4462 4612 1.0
4465 4838 1.0
4465 4470 1.0
4465 3939 1.0
4465 4541 1.0
4466 4775 1.0
4467 4616 1.0
4467 3946 1.0
4468 4322 1.0
4469 4328 1.0
4469 4151 1.0
4469 3946 1.0
4471 4329 1.0
4471 4543 1.0
4473 4618 1.0
4473 4622 1.0
4475 4156 1.0
4476 4685 1.0
4477 4549 1.0
4477 4692 1.0
4478 4690 1.0
4479 4252 1.0
4480 4688 1.0
4481 4627 1.0
4481 4060 1.0
4482 4628 1.0
4482 4168 1.0
4482 4485 1.0
4483 4617 1.0
4484 4746 1.0
4485 4173 1.0
4486 4745 1.0
4486 4562 1.0
4486 4561 1.0
4487 4913 1.0
4487 4431 1.0
4488 4175 1.0
4488 4068 1.0
4489 4488 1.0
4490 4425 1.0
4490 3759 1.0
4490 4488 1.0
4490 4567 1.0
4492 4188 1.0
4493 3867 1.0
4493 4889 1.0
4497 3773 1.0
4497 4570 1.0
4499 4357 1.0
4500 3765 1.0
4501 4273 1.0
4501 4500 1.0
4502 4574 1.0
4503 4649 1.0
4505 4649 2.0
4505 4280 1.0
4506 4091 1.0
4506 4107 1.0
4506 4376 1.0
4507 4860 1.0
4508 4818 1.0
4508 4759 1.0
4510 4441 1.0
4511 4582 1.0
4511 4759 1.0
4512 4951 1.0
4513 4949 1.0
4514 4115 1.0
4515 4862 1.0
4518 4011 1.0
4519 4204 1.0
4520 4205 1.0
4520 3906 1.0
4521 4378 1.0
4522 4863 1.0
4522 4133 1.0
4522 4520 1.0
4525 4397 1.0
4525 4719 1.0
4526 3689 1.0
4526 4770 1.0
4526 4300 1.0
4527 4523 1.0
4527 3905 1.0
4528 4522 1.0
4528 4766 1.0
4528 4527 1.0
4528 4382 1.0
4529 3915 1.0
4529 4132 1.0
4530 4393 1.0
4532 4533 1.0
4533 4388 1.0
4533 4457 1.0
4534 4723 1.0
4535 4681 1.0
4535 4396 1.0
4536 4305 1.0
4536 4938 1.0
4537 4540 1.0
4537 4389 1.0
4537 4232 1.0
4537 4611 1.0
4538 3937 1.0
4538 4542 1.0
4539 4402 1.0
4540 4147 1.0
4540 4466 1.0
4540 3502 1.0
4545 3952 1.0
4545 4323 1.0
4546 4681 1.0
4546 4332 1.0
4546 4844 1.0
4546 4478 1.0
4548 4792 1.0
4549 4546 1.0
4550 4338 1.0
4551 4686 1.0
4551 4409 1.0
4551 4473 1.0
4551 4788 1.0
4552 4619 1.0
4552 4405 1.0
4553 4800 1.0
4553 4479 1.0
4554 4420 1.0
4554 4739 1.0
4555 4885 1.0
4556 4338 1.0
4556 4246 1.0
4557 4409 1.0
4557 4244 1.0
4559 4745 1.0
4559 4419 1.0
4559 4257 1.0
4559 4414 1.0
4560 4623 1.0
4560 4253 1.0
4560 4920 1.0
4561 4177 1.0
4561 4173 1.0
4562 4494 1.0
4562 4483 1.0
4562 4619 1.0
4562 4925 1.0
4563 3869 1.0
4564 4853 1.0
4565 4489 1.0
4565 4751 1.0
4566 4569 1.0
4566 4348 1.0
4566 4564 1.0
4567 4257 1.0
4567 4855 1.0
4567 4570 1.0
4568 4176 1.0
4568 4422 1.0
4569 4180 1.0
4569 4702 1.0
4570 4434 1.0
4572 3650 1.0
4572 4347 1.0
4572 4923 1.0
4574 4854 1.0
4575 4496 1.0
4576 4271 1.0
4578 4758 1.0
4580 4710 1.0
4580 4513 1.0
4581 4113 1.0
4582 4365 1.0
4582 4199 1.0
4585 4591 1.0
4585 4378 1.0
4586 4109 1.0
4587 4660 1.0
4588 3999 1.0
4589 4583 1.0
4589 4667 1.0
4589 4709 1.0
4590 4819 1.0
4593 4762 1.0
4594 4520 1.0
4594 4449 1.0
4594 4014 1.0
4594 4718 1.0
4594 4121 1.0
4595 4293 1.0
4596 4674 1.0
4597 4908 1.0
4597 4451 1.0
4598 4602 1.0
4599 4821 1.0
4599 4614 1.0
4600 4539 1.0
4602 4527 1.0
4603 4307 1.0
4603 4026 1.0
4603 4218 1.0
4604 4607 1.0
4604 4382 1.0
4604 4531 1.0
4605 4977 1.0
4606 4225 1.0
4606 4607 1.0
4606 4679 1.0
4606 4532 1.0
4607 4836 1.0
4607 4307 1.0
4607 4459 1.0
4608 4460 1.0
4609 4228 1.0
4610 4773 1.0
4612 4724 1.0
4615 4777 1.0
4616 4786 1.0
4617 4788 1.0
4617 4399 1.0
4618 4401 1.0
4618 4330 1.0
4619 4400 1.0
4621 4405 1.0
4621 4798 1.0
4621 4626 1.0
4621 4685 1.0
4622 4055 1.0
4622 4341 1.0
4625 4165 1.0
4625 4423 1.0
4625 4797 1.0
4626 4421 1.0
4626 4693 1.0
4626 4479 1.0
4628 4430 1.0
4629 4256 1.0
4630 4060 1.0
4631 4563 1.0
4631 4428 1.0
4632 4559 1.0
4632 4557 1.0
4633 4753 1.0
4633 4187 1.0
4634 4986 1.0
4634 4809 1.0
4636 4631 1.0
4636 4349 1.0
4636 4755 1.0
4636 4700 1.0
4636 4430 1.0
4637 4697 1.0
4637 4491 1.0
4637 4969 1.0
4637 4649 1.0
4638 4851 1.0
4639 4574 1.0
4640 4639 1.0
4640 4749 1.0
4640 4356 1.0
4641 4492 1.0
4641 4809 1.0
4641 4636 1.0
4642 4639 1.0
4642 4641 1.0
4643 4358 1.0
4643 4645 1.0
4644 4270 1.0
4644 4574 1.0
4645 4951 1.0
4645 4859 1.0
4645 4362 1.0
4646 4077 1.0
4648 4358 1.0
4649 4441 1.0
4650 4503 1.0
4653 4972 1.0
4654 4652 1.0
4655 4509 1.0
4655 4282 1.0
4655 4659 1.0
4655 4593 1.0
4656 4858 1.0
4656 4280 1.0
4657 4826 1.0
4657 4661 1.0
4658 4519 1.0
4658 4584 1.0
4658 4709 1.0
4659 4513 1.0
4659 4655 1.0
4660 4824 1.0
4661 4293 1.0
4661 4665 1.0
4662 4588 1.0
4663 4285 1.0
4663 4711 1.0
4664 4018 1.0
4665 4215 1.0
4665 4707 1.0
4668 4718 1.0
4669 4667 1.0
4669 4201 1.0
4671 4209 1.0
4671 4445 1.0
4672 4019 1.0
4672 4450 1.0
4672 4220 1.0
4672 4676 1.0
4672 4530 1.0
4672 4667 1.0
4673 4717 1.0
4673 4529 1.0
4673 4774 1.0
4674 4299 1.0
4678 4673 1.0
4678 4230 1.0
4679 4307 1.0
4679 4322 1.0
4680 4463 1.0
4680 4916 1.0
4681 4328 1.0
4682 4876 1.0
4682 4401 1.0
4683 4680 1.0
4683 4873 1.0
4686 4844 1.0
4687 4620 1.0
4688 4339 1.0
4688 4966 1.0
4689 4424 1.0
4690 4696 1.0
4691 4630 1.0
4692 4622 1.0
4693 4849 1.0
4694 4692 1.0
4694 4802 1.0
4696 4564 1.0
4697 4417 1.0
4697 4413 1.0
4697 4630 1.0
4697 4250 1.0
4697 4805 1.0
4698 4172 1.0
4700 4895 1.0
4700 4261 1.0
4700 4570 1.0
4700 4568 1.0
4701 4561 1.0
4701 4700 1.0
4702 4427 1.0
4703 4496 1.0
4704 4577 1.0
4706 4815 1.0
4708 4514 1.0
4708 4816 1.0
4708 4284 1.0
4710 4708 1.0
4711 4659 1.0
4711 4589 1.0
4712 4762 1.0
4712 4665 1.0
4713 4525 1.0
4713 4200 1.0
4713 4519 1.0
4713 4665 1.0
4714 4592 1.0
4715 4904 1.0
4716 4520 1.0
4716 4451 1.0
4716 4521 1.0
4717 4822 1.0
4718 4219 1.0
4720 4528 1.0
4721 4309 1.0
4722 3697 1.0
4722 4870 1.0
4722 4724 1.0
4722 4317 1.0
4724 4468 1.0
4725 4306 1.0
4725 4872 1.0
4726 3922 1.0
4727 4324 1.0
4728 4961 1.0
4728 4545 1.0
4729 4146 1.0
4730 4547 1.0
4730 4779 1.0
4731 4786 1.0
4731 4680 1.0
4732 4687 1.0
4732 4477 1.0
4734 4547 1.0
4735 4622 1.0
4737 4547 1.0
4737 4476 1.0
4739 4797 1.0
4739 4845 1.0
4740 4482 1.0
4743 4562 1.0
4744 4250 1.0
4744 4422 1.0
4745 4752 1.0
4745 4489 1.0
4746 4860 1.0
4746 4639 1.0
4746 4638 1.0
4746 4886 1.0
4747 4859 1.0
4747 4893 1.0
4747 4928 1.0
4749 4891 1.0
4749 3978 1.0
4750 4577 1.0
4750 4648 1.0
4752 3872 1.0
4754 4648 1.0
4754 4575 1.0
4754 4574 1.0
4756 4701 1.0
4757 4580 1.0
4757 4649 1.0
4758 4812 1.0
4762 4597 1.0
4762 4710 1.0
4762 4866 1.0
4763 4760 1.0
4763 4865 1.0
4765 4377 1.0
4765 4865 1.0
4765 4585 1.0
4768 4393 1.0
4768 4975 1.0
4768 4394 1.0
4769 4772 1.0
4770 4460 1.0
4771 4719 1.0
4771 3913 1.0
4773 4536 1.0
4773 4681 1.0
4773 4610 1.0
4774 4870 1.0
4774 4466 1.0
4774 4871 1.0
4775 4785 1.0
4776 4459 1.0
4778 4914 1.0
4778 4915 1.0
4779 4976 1.0
4780 4874 1.0
4781 4336 1.0
4782 4881 1.0
4783 4942 1.0
4785 4549 1.0
4786 4682 1.0
4786 4877 1.0
4786 4780 1.0
4787 4941 1.0
4787 4874 1.0
4789 4780 1.0
4789 4796 1.0
4792 4883 1.0
4792 4849 1.0
4793 4626 1.0
4794 4937 1.0
4795 4805 1.0
4795 4732 1.0
4796 4794 1.0
4797 4966 1.0
4797 4847 1.0
4799 4845 1.0
4799 4553 1.0
4799 4848 1.0
4799 4616 1.0
4800 4779 1.0
4800 4628 1.0
4800 4944 1.0
4800 4473 1.0
4802 4809 1.0
4802 4884 1.0
4803 4565 2.0
4803 4982 1.0
4804 4927 1.0
4804 4890 1.0
4805 4700 1.0
4805 4632 1.0
4806 4641 1.0
4807 4898 1.0
4807 4575 1.0
4808 4892 1.0
4809 4750 1.0
4810 4854 1.0
4811 4858 1.0
4811 4696 1.0
4812 4891 1.0
4812 4930 1.0
4812 4502 1.0
4813 4640 1.0
4814 4655 1.0
4814 4857 1.0
4815 4650 1.0
4816 4978 1.0
4816 4899 1.0
4818 4816 1.0
4819 4862 1.0
4820 4824 1.0
4821 4709 1.0
4822 4818 1.0
4823 4122 1.0
4823 4824 1.0
4826 4828 1.0
4826 4585 1.0
4826 4711 1.0
4827 4862 1.0
4828 4827 1.0
4831 4759 1.0
4832 4780 1.0
4832 4864 1.0
4832 4991 1.0
4834 4676 1.0
4835 4962 1.0
4836 4962 1.0
4837 4536 1.0
4838 4538 1.0
4838 4981 2.0
4838 4870 1.0
4839 4608 1.0
4840 4731 1.0
4840 4734 1.0
4840 4540 1.0
4841 4787 1.0
4841 4624 1.0
4841 4786 1.0
4842 4797 1.0
4843 4845 1.0
4843 4787 1.0
4843 4879 1.0
4844 4876 1.0
4844 4963 1.0
4844 4799 1.0
4845 4334 1.0
4845 4557 1.0
4846 4922 1.0
4846 4885 1.0
4846 4729 1.0
4846 4916 1.0
4846 4887 1.0
4847 4980 1.0
4847 4852 1.0
4847 4689 1.0
4848 4692 1.0
4848 4420 1.0
4849 4801 1.0
4850 4790 1.0
4851 4967 1.0
4852 4702 1.0
4853 4848 1.0
4854 4927 1.0
4854 4996 1.0
4855 4884 1.0
4856 4753 1.0
4857 4754 1.0
4858 4651 1.0
4858 4898 1.0
4859 4820 1.0
4859 4950 1.0
4859 4897 1.0
4860 4933 1.0
4860 4513 1.0
4861 4830 1.0
4861 4712 1.0
4861 4907 1.0
4861 4902 1.0
4862 4821 1.0
4863 4724 1.0
4864 4874 1.0
4866 4604 1.0
4866 4452 1.0
4866 4863 1.0
4867 4821 1.0
4868 4822 1.0
4869 4998 1.0
4869 4592 1.0
4869 4678 1.0
4869 4677 1.0
4870 4605 1.0
4870 4908 1.0
4870 4936 1.0
4870 4835 1.0
4870 4458 1.0
4871 4789 1.0
4873 4871 1.0
4873 4968 1.0
4873 4877 1.0
4874 4841 1.0
4875 4998 1.0
4875 4938 1.0
4876 4938 1.0
4876 4907 1.0
4879 4939 1.0
4879 4681 1.0
4879 4792 1.0
4880 4783 1.0
4881 4783 1.0
4882 4873 2.0
4882 4781 1.0
4882 4617 1.0
4882 4918 1.0
4883 4477 1.0
4884 4847 1.0
4884 4921 1.0
4884 4627 1.0
4885 4741 1.0
4885 4880 1.0
4885 4889 1.0
4886 4423 1.0
4886 4799 1.0
4890 4899 1.0
4890 4753 1.0
4891 4704 1.0
4891 4889 1.0
4892 4924 1.0
4892 4808 1.0
4893 4896 1.0
4893 4810 1.0
4893 4888 1.0
4893 4738 1.0
4896 4893 1.0
4897 4951 1.0
4897 4894 1.0
4897 4438 1.0
4898 4895 1.0
4902 4815 1.0
4903 4720 1.0
4904 4765 1.0
4904 4934 1.0
4904 4831 1.0
4905 4757 1.0
4905 4995 1.0
4906 4995 1.0
4906 4935 2.0
4907 4933 1.0
4908 4766 1.0
4910 4998 1.0
4911 4872 1.0
4911 4766 1.0
4912 4939 1.0
4912 4611 1.0
4913 4878 1.0
4914 4615 1.0
4914 4544 1.0
4915 4796 1.0
4915 4978 2.0
4915 4471 1.0
4915 4613 1.0
4916 4804 1.0
4917 4850 1.0
4917 4884 1.0
4918 4917 1.0
4918 4968 1.0
4918 4916 1.0
4918 4978 1.0
4919 4261 1.0
4920 4985 1.0
4920 4781 1.0
4920 4746 1.0
4922 4891 1.0
4922 4951 1.0
4922 4793 1.0
4924 4806 1.0
4925 4987 1.0
4925 4923 1.0
4925 4804 1.0
4925 4559 1.0
4926 4941 1.0
4926 4969 1.0
4927 4857 1.0
4928 4980 1.0
4930 4995 1.0
4930 4850 1.0
4931 4953 1.0
4931 4982 1.0
4931 4859 1.0
4931 4822 1.0
4933 4991 1.0
4935 4909 1.0
4935 4762 1.0
4935 4606 1.0
4936 4453 1.0
4937 4960 1.0
4937 4781 1.0
4938 4683 1.0
4939 4991 1.0
4940 4726 1.0
4940 4838 1.0
4941 4619 1.0
4941 4920 1.0
4942 4915 1.0
4943 4922 1.0
4943 4873 1.0
4944 4820 1.0
4944 4946 1.0
4945 4922 1.0
4949 4930 1.0
4950 4989 1.0
4950 4946 1.0
4950 4988 1.0
4952 4971 1.0
4952 4935 1.0
4952 4988 1.0
4954 4863 1.0
4954 4858 1.0
4955 4869 1.0
4956 4960 1.0
4958 4988 1.0
4958 4892 1.0
4959 4827 1.0
4959 4937 1.0
4959 4932 1.0
4960 4147 1.0
4961 4910 1.0
4961 4940 1.0
4961 4794 1.0
4962 4686 1.0
4962 4972 1.0
4962 4869 1.0
4963 4775 1.0
4964 4880 1.0
4964 4953 1.0
4965 4968 1.0
4965 4697 1.0
4967 4885 1.0
4967 4987 1.0
4967 4995 1.0
4967 4915 1.0
4968 4895 1.0
4968 4980 1.0
4969 4970 2.0
4969 4943 1.0
4969 4988 1.0
4970 4936 1.0
4972 4718 1.0
4972 4954 1.0
4972 4969 1.0
4973 4762 1.0
4973 4997 1.0
4973 4747 1.0
4974 4839 1.0
4974 4971 1.0
4976 4966 1.0
4978 4993 1.0
4978 4763 1.0
4979 4939 1.0
4980 4993 1.0
4980 4992 1.0
4980 4959 1.0
4980 4736 1.0
4981 4838 1.0
4981 4914 1.0
4982 4885 1.0
4984 4797 1.0
4984 4474 1.0
4985 4898 1.0
4986 4946 1.0
4986 4966 1.0
4988 4814 1.0
4988 4978 1.0
4988 4704 1.0
4990 4972 1.0
4990 4806 1.0
4990 4980 1.0
4990 4970 1.0
4991 4841 1.0
4991 4882 1.0
4992 4834 1.0
4993 4849 1.0
4993 4858 1.0
4995 4918 1.0
4995 4970 1.0
4996 4956 1.0
4996 4917 1.0
4997 4976 1.0
4998 4941 1.0
