-0.346359 -0.411659 0.094221
-0.513322 -0.750180 0.395523
-0.223161 -0.320359 0.056436
-0.273134 -0.294258 0.044749
-0.422317 -0.895044 0.213256
-0.665488 -0.773753 0.238292
-0.567869 -0.863795 0.049294
-0.751635 -0.588673 0.283946
-0.546442 -0.644923 0.150893
-0.745401 -0.705880 0.010630
0.295166 -0.241511 -0.524490
-0.006196 -0.050006 -0.088945
-0.201715 0.160503 -0.453634
0.336785 -0.444648 -0.296582
-0.051448 -0.262434 -0.612514
0.111810 -0.453549 -0.460474
-0.304721 0.285875 -0.186130
-0.390294 0.381947 -0.278104
-0.449500 0.333585 -0.201712
-0.414976 0.383303 -0.229230
-0.449436 0.314952 -0.274471
-0.435559 0.266464 -0.244505
-0.386919 0.316250 -0.309721
-0.225753 0.172529 -0.206048
0.072178 0.151258 -0.129248
0.077991 0.190616 -0.063966
0.095846 0.021932 -0.060380
-0.004497 0.062991 -0.042756
0.053439 -0.300307 -0.090126
-0.203613 -0.116069 -0.226235
-0.431746 0.150922 -0.523676
-0.209850 0.062657 -0.310765
0.101571 -0.086808 -0.640730
0.174711 -0.241815 -0.093283
-0.174781 -0.237366 -0.205839
-0.133550 -0.214353 -0.278634
-0.210946 -0.233956 -0.337218
-0.262122 -0.258626 -0.253357
-0.165678 -0.312126 -0.285176
0.491046 0.316257 -0.084194
0.213421 0.645229 -0.352876
0.170486 0.262525 0.053950
0.215100 0.422779 -0.134205
0.074088 -0.066458 -0.280377
0.099453 -0.476406 -0.090674
0.155717 -0.676699 -0.096733
0.085067 0.693543 1.133712
0.107753 0.476478 0.727182
0.152332 0.218604 0.305321
0.273059 0.037638 -0.017740
0.450571 0.208762 -0.326711
0.355649 0.051935 -0.041595
0.758678 0.294268 -0.158520
0.883620 0.027271 -0.128690
0.455198 -0.035338 -0.032693
0.145966 0.068706 0.073819
0.587768 -0.007905 0.132306
0.210223 0.241712 0.437426
0.110734 0.086082 0.224057
0.128287 0.125962 0.299325
0.100758 0.075160 0.432385
0.110132 0.103145 0.365839
0.168578 0.115533 0.279777
0.176806 0.146411 0.377904
0.150802 0.070965 0.296592
0.192441 0.092032 0.348466
0.195002 0.039938 0.434329
0.271415 0.365988 0.722509
0.073849 0.305945 -0.019339
0.058847 0.260738 0.018827
-0.004126 0.262167 -0.012017
-0.008868 0.303846 0.085586
0.218957 -0.032113 -0.263491
0.304469 0.489610 0.533498
0.363437 0.434693 0.550662
0.095513 0.403387 0.048931
0.256697 0.093926 0.528159
