-922.24444 -347.29444 0.0
-814.42222 -409.16111 0.0
-738.0 -427.33333000000005 0.0
-784.5 -381.33333 0.0
-1066.09167 -350.40278 0.0
-925.4861099999999 -313.275 0.0
-835.5 -450.83333000000005 0.0
-1241.0 -409.83333000000005 0.0
-825.4166700000001 -354.36110999999994 0.0
-976.7 -301.94444 0.0
-881.3333299999999 -444.83333000000005 0.0
-766.6833300000001 -391.75278 0.0
-688.16667 -448.0 0.0
-887.73056 -370.60277999999994 0.0
-856.83333 -302.16667 0.0
-1225.33333 -488.0 0.0
-949.33333 -475.16666999999995 0.0
-1124.975 -459.54722 0.0
-1085.33333 -458.0 0.0
-867.5 -335.66667 0.0
-837.43611 -429.65556 0.0
-1007.5 -467.83333 0.0
-846.0583300000001 -380.36388999999997 0.0
-1183.5 -342.0 0.0
-1162.2277800000002 -435.64444000000003 0.0
-726.83333 -419.38889000000006 0.0
-941.35556 -464.01667000000003 0.0
-787.3222199999999 -429.40556000000004 0.0
-731.53333 -444.71944 0.0
-819.6666700000001 -333.66667 0.0
-845.8333299999999 -427.83333 0.0
-917.1083299999999 -418.84722 0.0
-889.1583300000001 -404.77221999999995 0.0
-896.8305599999999 -447.69444 0.0
-800.4055599999999 -328.98611000000005 0.0
-809.33333 -352.16667 0.0
-855.82222 -447.41389 0.0
-879.04722 -419.78611 0.0
-844.6666700000001 -462.5 0.0
-914.84167 -448.65833000000003 0.0
-928.3333299999999 -473.83333 0.0
-846.67778 -390.48889 0.0
-1097.66667 -485.5 0.0
-1047.16667 -388.16667 0.0
-970.38056 -328.96943999999996 0.0
-893.375 -431.39722 0.0
-864.0 -323.0 0.0
-1046.83333 -471.33333 0.0
-1046.73056 -398.61667 0.0
-936.63056 -415.33889 0.0
-833.5333300000001 -422.125 0.0
-989.0 -481.16667 0.0
-854.5 -313.16667 0.0
-921.83333 -468.33333000000005 0.0
-1069.16667 -396.33333 0.0
-865.25278 -304.83333 0.0
-1063.83333 -318.0 0.0
-769.0 -421.66666999999995 0.0
-848.0 -455.66667 0.0
-959.0 -413.0 0.0
-1232.16667 -441.16667 0.0
-875.325 -380.36944 0.0
-934.0 -485.66667 0.0
-1120.66667 -435.16666999999995 0.0
-941.9194400000001 -425.51111 0.0
-801.52778 -260.725 0.0
-1197.16667 -367.66666999999995 0.0
-822.66667 -296.83333 0.0
-1111.5305600000002 -457.77500000000003 0.0
-879.0 -429.5 0.0
-953.41389 -299.84444 0.0
-1142.66667 -483.16667 0.0
-971.83333 -479.5 0.0
-759.7972199999999 -422.08610999999996 0.0
-896.83333 -406.66666999999995 0.0
-776.725 -431.18889 0.0
-909.85 -334.77221999999995 0.0
-822.18889 -348.95556 0.0
-890.66667 -304.0 0.0
-767.63333 -401.93611 0.0
-844.2805599999999 -336.36667 0.0
-893.36944 -314.67222 0.0
-968.16667 -469.16666999999995 0.0
-1119.83333 -466.0 0.0
-818.5 -414.16666999999995 0.0
-885.73333 -471.23610999999994 0.0
-867.75 -346.37222 0.0
-862.9472199999999 -397.17222 0.0
-801.83333 -420.83333000000005 0.0
-1066.16667 -482.16667 0.0
-1113.66667 -475.0 0.0
-817.66667 -245.5 0.0
-1012.8333299999999 -482.66666999999995 0.0
-925.0 -439.08333 0.0
-1055.66667 -480.83333000000005 0.0
-703.0 -436.5 0.0
-900.75833 -323.11110999999994 0.0
-816.3333299999999 -304.16667 0.0
-841.83333 -397.5 0.0
-986.83333 -469.33333 0.0
-941.0 -300.83333 0.0
-967.41944 -435.81944 0.0
-737.8333299999999 -406.33333 0.0
-1178.66667 -336.66666999999995 0.0
-855.51944 -422.35 0.0
-947.30556 -392.91666999999995 0.0
-855.3333299999999 -428.83333 0.0
-887.5 -323.33333000000005 0.0
-1217.33333 -421.66666999999995 0.0
-738.6666700000001 -407.66666999999995 0.0
-919.875 -302.05278 0.0
-903.7 -387.48610999999994 0.0
-754.4027800000001 -406.52222 0.0
-887.6999999999999 -342.68056 0.0
-967.59167 -408.50833 0.0
-710.0 -423.63056 0.0
-1181.5 -338.16667 0.0
-731.00278 -407.95278 0.0
-1184.07222 -339.425 0.0
-902.58056 -299.93333 0.0
-857.3611099999999 -381.74444 0.0
-968.5 -328.52778 0.0
-852.03889 -350.35278 0.0
-714.3555600000001 -429.325 0.0
-933.31389 -431.57778 0.0
-830.79722 -435.32778 0.0
-982.38611 -261.75833 0.0
-1151.66667 -360.83333000000005 0.0
-839.1666700000001 -359.5 0.0
-806.3333299999999 -281.0 0.0
-899.6666700000001 -350.66667 0.0
-811.1666700000001 -339.5 0.0
-802.66667 -257.83333 0.0
-974.33333 -376.5 0.0
-877.5 -417.83333 0.0
-1219.19444 -373.52778 0.0
-932.16944 -448.83333 0.0
-1140.83333 -469.16666999999995 0.0
-882.42778 -306.91111 0.0
-1218.5 -365.83333000000005 0.0
-984.33333 -454.5 0.0
-912.5 -438.83333 0.0
-932.1666700000001 -301.16667 0.0
-1094.66667 -470.5 0.0
-1058.83333 -464.33333 0.0
-920.3333299999999 -325.0 0.0
-1165.0 -338.33333000000005 0.0
-941.83333 -455.83333000000005 0.0
-1198.40278 -334.26111 0.0
-851.1666700000001 -411.16667 0.0
-862.33333 -431.66666999999995 0.0
-789.6666700000001 -337.0 0.0
-866.7805599999999 -361.24443999999994 0.0
-1064.64444 -429.08056 0.0
-741.68611 -406.925 0.0
-765.0 -371.33333 0.0
-1170.33333 -463.83333 0.0
-762.0 -369.0 0.0
-1242.5 -434.16666999999995 0.0
-943.06667 -362.81667 0.0
-1222.16667 -377.16667 0.0
-894.5 -456.33333 0.0
-1176.01111 -340.56111 0.0
-813.08889 -284.29444 0.0
-885.16667 -442.66666999999995 0.0
-800.95556 -266.83056 0.0
-1202.0 -474.0 0.0
-1188.33333 -457.0 0.0
-752.41111 -398.71943999999996 0.0
-799.3722200000001 -360.97778 0.0
-1002.8333299999999 -443.83333 0.0
-802.32778 -404.91389 0.0
-828.8333299999999 -400.0 0.0
-1225.975 -455.88611000000003 0.0
-1171.16667 -467.5 0.0
-905.16667 -414.5 0.0
-787.875 -358.77778 0.0
-1223.0 -405.0 0.0
-810.5 -291.83333 0.0
-943.6666700000001 -353.33333000000005 0.0
-871.83333 -304.66667 0.0
-1030.5 -440.33333 0.0
-938.16667 -324.5 0.0
-1197.68056 -394.99167 0.0
-1041.83333 -477.16667 0.0
-773.16667 -375.0 0.0
-799.83333 -373.16667 0.0
-1211.5 -442.5 0.0
-1228.66667 -423.66667 0.0
-770.37778 -388.51944000000003 0.0
-911.5 -305.33333 0.0
-1216.16667 -387.0 0.0
-1119.66667 -407.88333 0.0
-984.6666700000001 -295.33333 0.0
-1171.83333 -327.33333000000005 0.0
-1223.75 -376.18889 0.0
-1206.41944 -352.36944 0.0
-825.54444 -273.95556 0.0
-812.0 -321.33333 0.0
-875.66667 -465.33333 0.0
-1223.09444 -474.48889 0.0
-876.1666700000001 -347.5 0.0
-963.8333299999999 -424.0 0.0
-1120.33333 -334.33333 0.0
-863.16667 -417.0 0.0
-817.55278 -265.42222 0.0
-1175.33889 -476.19722 0.0
-933.8333299999999 -372.5 0.0
-740.16667 -415.0 0.0
-1143.16667 -435.0 0.0
-761.1666700000001 -431.16667 0.0
-714.33333 -417.33333000000005 0.0
-843.50278 -303.96389 0.0
-825.33056 -279.75556 0.0
-838.07778 -415.86944000000005 0.0
-764.6666700000001 -424.83333000000005 0.0
-1191.1916700000002 -462.64722 0.0
-824.075 -364.75278000000003 0.0
-1109.41111 -321.16110999999995 0.0
-958.8805600000001 -361.98332999999997 0.0
-882.8333299999999 -400.33333 0.0
-778.8333299999999 -407.72222 0.0
-1183.0 -461.0 0.0
-774.55833 -389.44444 0.0
-923.8333299999999 -425.5 0.0
-971.5 -449.16666999999995 0.0
-737.0 -410.66667 0.0
-794.0 -402.83333 0.0
-757.23333 -413.38333 0.0
-976.0083299999999 -353.93056 0.0
-952.78889 -296.45556 0.0
-779.0250000000001 -342.70556 0.0
-1205.33333 -465.66667 0.0
-1068.69444 -405.19444 0.0
-816.0 -383.66667 0.0
