0 874 1.0
0 810 1.0
1 111 1.0
3 568 1.0
3 345 1.0
3 351 1.0
3 535 1.0
3 181 1.0
5 582 1.0
5 798 1.0
5 407 1.0
5 800 1.0
5 799 1.0
5 808 1.0
5 797 1.0
5 521 1.0
5 1272 1.0
5 1047 1.0
5 142 1.0
5 366 1.0
5 317 1.0
5 965 1.0
5 204 1.0
5 848 1.0
5 402 1.0
5 773 1.0
5 298 1.0
5 1183 1.0
5 206 1.0
7 528 1.0
7 735 1.0
7 549 1.0
7 351 1.0
7 179 1.0
7 61 1.0
7 958 1.0
7 805 1.0
7 361 1.0
7 331 1.0
7 943 1.0
7 313 1.0
7 508 1.0
7 320 1.0
7 1265 1.0
7 465 1.0
7 327 1.0
7 335 1.0
7 491 1.0
11 261 1.0
11 60 1.0
11 873 1.0
12 38 1.0
12 784 1.0
12 278 1.0
12 859 1.0
12 1175 1.0
12 805 1.0
12 1179 1.0
12 1176 1.0
12 159 1.0
13 894 1.0
13 85 1.0
14 15 1.0
15 14 1.0
17 111 1.0
17 335 1.0
18 373 1.0
18 335 1.0
18 1009 1.0
18 826 1.0
20 1095 1.0
20 421 1.0
20 803 1.0
20 452 1.0
21 1165 1.0
22 461 1.0
24 1202 1.0
24 167 1.0
24 41 1.0
24 824 1.0
24 1144 1.0
24 1188 1.0
25 1044 1.0
26 252 1.0
29 297 1.0
29 291 1.0
29 508 1.0
31 105 1.0
31 1159 1.0
31 677 1.0
31 914 1.0
31 1175 1.0
31 1179 1.0
31 38 1.0
31 410 1.0
31 990 1.0
31 1176 1.0
31 433 1.0
31 149 1.0
31 486 1.0
31 950 1.0
31 942 1.0
31 963 1.0
32 1218 1.0
33 111 1.0
33 568 1.0
33 351 1.0
33 1265 1.0
34 538 1.0
34 543 1.0
34 545 1.0
34 548 1.0
34 1176 1.0
34 1179 1.0
34 1175 1.0
36 167 1.0
36 1270 1.0
37 1209 1.0
37 681 1.0
38 914 1.0
38 990 1.0
38 656 1.0
38 1175 1.0
38 784 1.0
38 1179 1.0
38 1176 1.0
38 1159 1.0
38 849 1.0
38 629 1.0
38 690 1.0
38 548 1.0
38 363 1.0
38 859 1.0
38 545 1.0
38 538 1.0
38 12 1.0
38 609 1.0
38 245 1.0
38 348 1.0
38 691 1.0
39 245 1.0
39 40 1.0
39 1239 1.0
39 357 1.0
39 361 1.0
39 149 1.0
39 609 1.0
39 626 1.0
39 1253 1.0
39 1175 1.0
39 152 1.0
39 672 1.0
39 105 1.0
39 1166 1.0
39 38 1.0
39 720 1.0
39 1154 1.0
39 942 1.0
39 545 1.0
39 784 1.0
39 461 1.0
39 510 1.0
39 627 1.0
39 1165 1.0
39 1176 1.0
39 848 1.0
39 674 1.0
39 622 1.0
39 1159 1.0
39 1244 1.0
39 1215 1.0
39 859 1.0
42 186 1.0
42 957 1.0
42 759 1.0
42 1145 1.0
42 454 1.0
42 581 1.0
42 1061 1.0
42 259 1.0
42 427 1.0
42 555 1.0
42 132 1.0
43 1224 1.0
44 1164 1.0
44 328 1.0
46 458 1.0
46 69 1.0
46 104 1.0
46 103 1.0
46 126 1.0
46 957 1.0
46 1061 1.0
46 1225 1.0
47 848 1.0
47 1215 1.0
47 937 1.0
47 681 1.0
47 676 1.0
47 1253 1.0
47 1175 1.0
47 1154 1.0
47 487 1.0
47 481 1.0
48 1239 1.0
48 674 1.0
48 1250 1.0
48 1253 1.0
48 1231 1.0
48 1166 1.0
48 1154 1.0
48 717 1.0
48 930 1.0
48 1243 1.0
48 672 1.0
48 622 1.0
48 1165 1.0
48 1242 1.0
48 1244 1.0
48 626 1.0
48 278 1.0
48 727 1.0
48 686 1.0
48 685 1.0
48 461 1.0
48 989 1.0
48 245 1.0
49 356 1.0
49 287 1.0
50 117 1.0
50 71 1.0
50 115 1.0
50 73 1.0
50 79 1.0
51 973 1.0
52 115 1.0
52 117 1.0
52 71 1.0
52 77 1.0
52 1154 1.0
52 73 1.0
55 741 1.0
55 535 1.0
56 957 1.0
56 454 1.0
56 601 1.0
57 414 1.0
57 1130 1.0
57 599 1.0
57 470 1.0
57 473 1.0
57 1103 1.0
57 108 1.0
57 168 1.0
57 756 1.0
57 753 1.0
57 434 1.0
57 1061 1.0
57 423 1.0
57 454 1.0
57 957 1.0
57 478 1.0
57 782 1.0
58 819 1.0
58 1072 1.0
58 1093 1.0
58 1065 1.0
58 713 1.0
58 1091 1.0
58 317 1.0
59 57 1.0
60 1208 1.0
60 235 1.0
60 386 1.0
60 1056 1.0
60 1283 1.0
60 929 1.0
60 956 1.0
60 478 1.0
60 866 1.0
60 281 1.0
60 261 1.0
60 643 1.0
61 805 1.0
61 335 1.0
61 625 1.0
62 1192 1.0
62 660 1.0
63 235 1.0
64 235 1.0
64 671 1.0
64 665 1.0
64 974 1.0
64 1140 1.0
64 340 1.0
64 643 1.0
65 235 1.0
65 874 1.0
66 640 1.0
67 642 1.0
68 1011 1.0
69 46 1.0
69 104 1.0
69 103 1.0
69 126 1.0
69 458 1.0
69 1131 1.0
69 599 1.0
69 457 1.0
69 1228 1.0
71 115 1.0
71 117 1.0
71 79 1.0
71 77 1.0
71 50 1.0
71 52 1.0
71 784 1.0
71 73 1.0
72 155 1.0
73 720 1.0
73 71 1.0
73 54 1.0
73 1154 1.0
73 450 1.0
73 79 1.0
74 335 1.0
74 830 1.0
74 112 1.0
75 1165 1.0
75 1253 1.0
75 1189 1.0
75 727 1.0
76 754 1.0
76 699 1.0
76 709 1.0
76 122 1.0
76 1101 1.0
76 756 1.0
76 1110 1.0
76 581 1.0
76 428 1.0
76 999 1.0
76 427 1.0
77 71 1.0
77 720 1.0
77 52 1.0
77 79 1.0
77 117 1.0
77 1154 1.0
78 720 1.0
78 622 1.0
78 674 1.0
78 1231 1.0
79 77 1.0
79 71 1.0
79 117 1.0
79 52 1.0
79 73 1.0
79 704 1.0
79 450 1.0
79 720 1.0
80 1272 1.0
80 202 1.0
80 1011 1.0
81 874 1.0
81 854 1.0
83 607 1.0
83 251 1.0
83 891 1.0
84 213 1.0
84 848 1.0
85 894 1.0
85 926 1.0
86 85 1.0
87 85 1.0
90 1211 1.0
92 874 1.0
92 1140 1.0
92 927 1.0
93 94 1.0
94 93 1.0
94 723 1.0
94 673 1.0
94 1122 1.0
94 724 1.0
94 412 1.0
94 392 1.0
94 865 1.0
95 734 1.0
95 355 1.0
95 882 1.0
95 1147 1.0
95 1099 1.0
95 1041 1.0
95 1007 1.0
95 787 1.0
95 738 1.0
95 675 1.0
95 728 1.0
95 1213 1.0
95 1209 1.0
95 1148 1.0
95 935 1.0
95 191 1.0
95 970 1.0
95 1218 1.0
95 973 1.0
95 693 1.0
95 930 1.0
95 1167 1.0
96 877 1.0
96 1107 1.0
97 1165 1.0
97 1205 1.0
97 1191 1.0
97 218 1.0
97 1180 1.0
97 1169 1.0
97 1213 1.0
97 676 1.0
99 971 1.0
99 119 1.0
99 300 1.0
99 1192 1.0
99 1154 1.0
99 109 1.0
99 983 1.0
99 549 1.0
99 335 1.0
100 1205 1.0
100 1262 1.0
100 936 1.0
100 945 1.0
100 6 1.0
100 894 1.0
100 1219 1.0
100 191 1.0
100 671 1.0
100 650 1.0
100 651 1.0
100 607 1.0
100 617 1.0
100 294 1.0
100 646 1.0
100 1264 1.0
100 1215 1.0
100 970 1.0
100 1206 1.0
100 910 1.0
100 1197 1.0
100 960 1.0
100 976 1.0
100 948 1.0
100 1190 1.0
100 1218 1.0
100 952 1.0
100 719 1.0
100 1177 1.0
100 905 1.0
100 1282 1.0
100 1189 1.0
100 189 1.0
100 184 1.0
100 937 1.0
100 155 1.0
100 325 1.0
100 1169 1.0
100 1143 1.0
100 1142 1.0
100 926 1.0
100 921 1.0
100 341 1.0
100 1212 1.0
100 218 1.0
100 918 1.0
100 1217 1.0
100 545 1.0
100 1210 1.0
100 744 1.0
100 1155 1.0
100 512 1.0
100 1073 1.0
100 665 1.0
100 643 1.0
100 235 1.0
100 873 1.0
100 1267 1.0
100 1011 1.0
100 1179 1.0
100 1037 1.0
100 1175 1.0
100 1148 1.0
100 1172 1.0
100 85 1.0
100 681 1.0
100 1192 1.0
100 1153 1.0
100 881 1.0
100 973 1.0
100 880 1.0
100 1193 1.0
100 430 1.0
100 784 1.0
101 1170 1.0
103 458 1.0
103 46 1.0
103 69 1.0
103 104 1.0
103 126 1.0
103 423 1.0
103 759 1.0
103 1061 1.0
103 1103 1.0
103 259 1.0
103 434 1.0
103 427 1.0
103 399 1.0
104 46 1.0
104 69 1.0
104 103 1.0
104 126 1.0
104 458 1.0
105 245 1.0
105 31 1.0
105 1175 1.0
105 1179 1.0
105 538 1.0
105 638 1.0
105 314 1.0
105 140 1.0
105 545 1.0
105 543 1.0
105 1176 1.0
105 309 1.0
105 316 1.0
105 38 1.0
105 357 1.0
105 227 1.0
105 865 1.0
105 674 1.0
105 672 1.0
105 214 1.0
105 735 1.0
105 541 1.0
105 677 1.0
105 580 1.0
105 1239 1.0
105 549 1.0
105 784 1.0
105 958 1.0
105 455 1.0
105 1159 1.0
105 914 1.0
105 547 1.0
106 1009 1.0
106 111 1.0
106 712 1.0
108 414 1.0
108 753 1.0
108 756 1.0
109 1009 1.0
109 549 1.0
109 735 1.0
109 1159 1.0
109 327 1.0
109 111 1.0
109 805 1.0
109 18 1.0
109 1240 1.0
109 932 1.0
109 444 1.0
109 958 1.0
110 302 1.0
110 764 1.0
110 931 1.0
110 303 1.0
110 1026 1.0
110 917 1.0
110 304 1.0
110 465 1.0
110 297 1.0
110 529 1.0
110 335 1.0
110 410 1.0
110 508 1.0
110 179 1.0
110 907 1.0
110 334 1.0
110 1078 1.0
110 826 1.0
110 346 1.0
110 491 1.0
110 98 1.0
110 219 1.0
111 1 1.0
111 161 1.0
111 535 1.0
111 364 1.0
111 1008 1.0
111 335 1.0
111 712 1.0
111 1240 1.0
111 524 1.0
111 181 1.0
111 1241 1.0
111 661 1.0
111 1265 1.0
111 33 1.0
111 736 1.0
111 162 1.0
111 805 1.0
111 778 1.0
113 1192 1.0
113 549 1.0
113 99 1.0
113 958 1.0
113 971 1.0
114 616 1.0
115 71 1.0
115 50 1.0
115 620 1.0
115 117 1.0
116 810 1.0
116 871 1.0
117 50 1.0
117 71 1.0
117 77 1.0
117 52 1.0
117 54 1.0
117 79 1.0
117 873 1.0
117 115 1.0
118 1253 1.0
119 549 1.0
119 971 1.0
119 113 1.0
119 335 1.0
119 1028 1.0
119 1192 1.0
120 121 1.0
120 848 1.0
120 640 1.0
120 354 1.0
120 470 1.0
120 399 1.0
120 599 1.0
121 1145 1.0
121 1130 1.0
121 669 1.0
121 168 1.0
121 695 1.0
121 473 1.0
121 399 1.0
122 1110 1.0
122 981 1.0
122 1087 1.0
122 76 1.0
122 427 1.0
122 755 1.0
122 888 1.0
122 754 1.0
122 1257 1.0
122 1101 1.0
122 1069 1.0
122 957 1.0
122 771 1.0
122 750 1.0
122 682 1.0
122 262 1.0
122 753 1.0
122 370 1.0
125 459 1.0
125 673 1.0
125 30 1.0
125 1220 1.0
125 889 1.0
125 244 1.0
125 605 1.0
125 583 1.0
125 45 1.0
125 124 1.0
126 46 1.0
126 458 1.0
126 69 1.0
126 104 1.0
126 103 1.0
126 1043 1.0
127 328 1.0
129 1155 1.0
129 1130 1.0
130 929 1.0
130 455 1.0
131 387 1.0
131 352 1.0
131 1123 1.0
131 1154 1.0
131 1249 1.0
131 1248 1.0
131 345 1.0
131 720 1.0
131 152 1.0
132 883 1.0
132 423 1.0
132 1061 1.0
132 454 1.0
132 957 1.0
132 1130 1.0
132 434 1.0
132 702 1.0
132 689 1.0
132 57 1.0
132 512 1.0
132 470 1.0
132 473 1.0
132 599 1.0
132 168 1.0
132 1059 1.0
132 1253 1.0
132 904 1.0
132 167 1.0
132 786 1.0
132 523 1.0
132 510 1.0
132 416 1.0
132 1069 1.0
132 89 1.0
134 1213 1.0
134 523 1.0
134 167 1.0
134 1147 1.0
134 194 1.0
134 1139 1.0
134 1209 1.0
134 1114 1.0
134 681 1.0
134 1053 1.0
134 1148 1.0
134 1136 1.0
134 904 1.0
134 1129 1.0
134 1106 1.0
134 1097 1.0
134 676 1.0
134 1159 1.0
134 348 1.0
134 1077 1.0
134 540 1.0
134 722 1.0
134 710 1.0
134 851 1.0
135 1051 1.0
135 256 1.0
136 245 1.0
136 727 1.0
136 1253 1.0
136 1165 1.0
136 1154 1.0
136 1166 1.0
136 1175 1.0
136 1159 1.0
136 1176 1.0
136 548 1.0
136 545 1.0
136 987 1.0
136 690 1.0
136 308 1.0
137 1029 1.0
137 1011 1.0
137 909 1.0
137 743 1.0
137 816 1.0
137 1272 1.0
137 1271 1.0
137 1047 1.0
137 221 1.0
137 847 1.0
137 690 1.0
137 873 1.0
137 848 1.0
137 461 1.0
137 876 1.0
137 229 1.0
137 192 1.0
137 206 1.0
137 800 1.0
137 797 1.0
137 202 1.0
137 808 1.0
137 407 1.0
137 858 1.0
137 1267 1.0
137 139 1.0
137 768 1.0
138 743 1.0
140 314 1.0
140 316 1.0
140 309 1.0
141 345 1.0
141 352 1.0
141 131 1.0
141 372 1.0
141 338 1.0
141 1071 1.0
141 585 1.0
141 691 1.0
141 925 1.0
141 152 1.0
141 672 1.0
141 720 1.0
141 1154 1.0
141 548 1.0
141 1159 1.0
141 543 1.0
141 1175 1.0
141 630 1.0
141 388 1.0
142 287 1.0
142 894 1.0
143 858 1.0
143 150 1.0
144 541 1.0
144 227 1.0
144 361 1.0
144 869 1.0
144 1070 1.0
144 245 1.0
144 615 1.0
144 319 1.0
144 1249 1.0
144 176 1.0
144 193 1.0
145 670 1.0
145 1183 1.0
145 202 1.0
145 206 1.0
146 1181 1.0
146 1189 1.0
146 1163 1.0
148 348 1.0
149 245 1.0
149 620 1.0
149 942 1.0
149 784 1.0
149 656 1.0
149 885 1.0
149 1175 1.0
150 359 1.0
151 907 1.0
151 943 1.0
151 1010 1.0
152 245 1.0
152 783 1.0
152 914 1.0
152 691 1.0
152 620 1.0
152 1175 1.0
152 942 1.0
152 516 1.0
152 704 1.0
152 701 1.0
152 308 1.0
152 690 1.0
152 727 1.0
152 849 1.0
152 805 1.0
152 1179 1.0
152 1176 1.0
152 1253 1.0
152 1154 1.0
152 686 1.0
152 784 1.0
152 149 1.0
152 720 1.0
152 1165 1.0
152 545 1.0
152 519 1.0
153 609 1.0
153 38 1.0
153 1222 1.0
153 648 1.0
153 915 1.0
153 629 1.0
153 488 1.0
153 1231 1.0
153 159 1.0
153 357 1.0
154 221 1.0
154 1271 1.0
154 1047 1.0
154 1272 1.0
155 72 1.0
155 894 1.0
155 909 1.0
155 606 1.0
155 1219 1.0
155 1142 1.0
155 960 1.0
155 976 1.0
155 948 1.0
155 1282 1.0
155 952 1.0
155 937 1.0
155 1143 1.0
155 926 1.0
155 921 1.0
155 918 1.0
155 1212 1.0
155 218 1.0
158 1010 1.0
158 299 1.0
158 549 1.0
159 784 1.0
159 245 1.0
159 278 1.0
159 265 1.0
159 1239 1.0
159 1222 1.0
159 930 1.0
160 545 1.0
160 38 1.0
160 547 1.0
160 357 1.0
161 408 1.0
161 838 1.0
161 971 1.0
161 162 1.0
161 508 1.0
161 535 1.0
161 335 1.0
161 1240 1.0
161 869 1.0
161 524 1.0
161 465 1.0
161 1265 1.0
161 1192 1.0
161 1030 1.0
161 111 1.0
161 1009 1.0
161 313 1.0
161 805 1.0
161 836 1.0
161 297 1.0
161 943 1.0
161 661 1.0
161 33 1.0
161 736 1.0
161 163 1.0
161 813 1.0
161 331 1.0
161 181 1.0
161 1033 1.0
161 1026 1.0
161 293 1.0
161 958 1.0
161 778 1.0
161 549 1.0
161 1027 1.0
161 907 1.0
161 300 1.0
162 163 1.0
162 216 1.0
162 1226 1.0
162 1165 1.0
163 954 1.0
163 162 1.0
163 836 1.0
163 1030 1.0
163 549 1.0
163 335 1.0
163 508 1.0
163 160 1.0
163 633 1.0
163 1216 1.0
163 778 1.0
163 805 1.0
163 1265 1.0
163 410 1.0
163 943 1.0
163 850 1.0
163 907 1.0
164 883 1.0
164 1110 1.0
164 458 1.0
164 168 1.0
164 599 1.0
164 595 1.0
164 440 1.0
164 215 1.0
164 405 1.0
164 957 1.0
164 454 1.0
164 391 1.0
164 46 1.0
164 1145 1.0
164 399 1.0
164 1061 1.0
164 423 1.0
164 1225 1.0
164 601 1.0
164 759 1.0
165 584 1.0
167 988 1.0
167 1114 1.0
167 1137 1.0
167 461 1.0
167 848 1.0
167 676 1.0
167 595 1.0
167 540 1.0
167 1209 1.0
167 367 1.0
167 681 1.0
167 1252 1.0
167 1223 1.0
167 1081 1.0
167 1270 1.0
167 851 1.0
167 794 1.0
167 786 1.0
167 722 1.0
167 710 1.0
167 716 1.0
167 523 1.0
167 510 1.0
167 488 1.0
167 134 1.0
167 1216 1.0
167 1213 1.0
167 1106 1.0
167 1097 1.0
167 1053 1.0
167 904 1.0
167 815 1.0
167 757 1.0
167 726 1.0
167 1172 1.0
167 468 1.0
167 554 1.0
167 272 1.0
167 1155 1.0
167 1148 1.0
167 1129 1.0
167 1139 1.0
167 1136 1.0
167 354 1.0
167 1077 1.0
167 36 1.0
167 1174 1.0
168 457 1.0
168 702 1.0
168 1130 1.0
168 132 1.0
168 431 1.0
168 512 1.0
168 167 1.0
168 470 1.0
168 461 1.0
168 296 1.0
168 727 1.0
168 909 1.0
168 816 1.0
168 196 1.0
168 164 1.0
169 1087 1.0
172 737 1.0
172 335 1.0
172 179 1.0
172 300 1.0
172 302 1.0
173 311 1.0
173 328 1.0
173 916 1.0
175 744 1.0
175 328 1.0
175 916 1.0
175 595 1.0
175 335 1.0
175 311 1.0
177 1151 1.0
180 234 1.0
180 280 1.0
180 145 1.0
180 417 1.0
180 1183 1.0
180 1182 1.0
180 900 1.0
180 178 1.0
180 876 1.0
180 206 1.0
180 808 1.0
180 202 1.0
181 568 1.0
181 805 1.0
181 351 1.0
181 1175 1.0
181 733 1.0
181 364 1.0
181 1265 1.0
181 111 1.0
181 630 1.0
181 33 1.0
181 38 1.0
181 524 1.0
181 408 1.0
181 425 1.0
181 362 1.0
181 1253 1.0
181 786 1.0
181 609 1.0
181 932 1.0
182 433 1.0
182 161 1.0
182 1009 1.0
183 497 1.0
184 1197 1.0
184 663 1.0
184 848 1.0
184 1169 1.0
184 100 1.0
185 894 1.0
186 396 1.0
186 42 1.0
186 1145 1.0
186 399 1.0
187 860 1.0
189 184 1.0
189 1169 1.0
189 1203 1.0
189 1165 1.0
189 1218 1.0
189 185 1.0
189 191 1.0
189 1212 1.0
189 190 1.0
191 14 1.0
193 1000 1.0
193 1070 1.0
193 1166 1.0
193 1253 1.0
193 717 1.0
194 523 1.0
194 847 1.0
194 134 1.0
194 787 1.0
194 738 1.0
194 1223 1.0
194 1139 1.0
194 1077 1.0
194 716 1.0
194 1040 1.0
194 681 1.0
194 1209 1.0
194 1216 1.0
194 935 1.0
199 745 1.0
199 427 1.0
199 581 1.0
199 771 1.0
201 548 1.0
201 545 1.0
201 543 1.0
201 1179 1.0
201 1175 1.0
201 1176 1.0
201 105 1.0
201 648 1.0
201 672 1.0
201 1222 1.0
201 690 1.0
201 494 1.0
201 701 1.0
202 1183 1.0
203 148 1.0
204 1183 1.0
209 378 1.0
211 1252 1.0
211 1282 1.0
211 1253 1.0
211 860 1.0
211 663 1.0
212 461 1.0
212 873 1.0
212 225 1.0
212 478 1.0
212 245 1.0
213 1066 1.0
213 485 1.0
213 793 1.0
213 1046 1.0
213 235 1.0
213 842 1.0
213 60 1.0
213 1278 1.0
213 874 1.0
213 288 1.0
215 873 1.0
215 405 1.0
215 297 1.0
215 950 1.0
216 351 1.0
216 1226 1.0
217 235 1.0
217 233 1.0
217 1185 1.0
217 597 1.0
217 224 1.0
217 1202 1.0
217 1086 1.0
217 1052 1.0
217 974 1.0
217 1229 1.0
217 852 1.0
217 561 1.0
218 499 1.0
218 1193 1.0
218 1167 1.0
218 734 1.0
218 757 1.0
218 904 1.0
218 1148 1.0
218 1147 1.0
218 1185 1.0
218 909 1.0
218 499 1.0
218 1193 1.0
218 1167 1.0
218 734 1.0
218 757 1.0
218 904 1.0
218 1148 1.0
218 1147 1.0
218 1185 1.0
218 909 1.0
219 400 1.0
219 491 1.0
219 805 1.0
219 907 1.0
219 335 1.0
219 331 1.0
219 943 1.0
219 562 1.0
219 912 1.0
220 1155 1.0
220 190 1.0
220 1166 1.0
220 720 1.0
220 235 1.0
220 1086 1.0
220 1052 1.0
220 1160 1.0
220 1202 1.0
220 289 1.0
220 1187 1.0
220 1140 1.0
220 1144 1.0
220 1186 1.0
220 1185 1.0
220 1002 1.0
220 852 1.0
220 824 1.0
220 1162 1.0
220 1188 1.0
220 1229 1.0
220 246 1.0
220 224 1.0
221 222 1.0
221 768 1.0
221 348 1.0
221 148 1.0
221 139 1.0
221 1011 1.0
221 154 1.0
221 223 1.0
221 797 1.0
221 204 1.0
221 1183 1.0
221 202 1.0
221 1271 1.0
221 1047 1.0
221 1272 1.0
221 287 1.0
222 221 1.0
224 288 1.0
224 1140 1.0
224 1002 1.0
224 84 1.0
224 243 1.0
224 1188 1.0
224 974 1.0
224 1202 1.0
224 1162 1.0
224 1160 1.0
224 1144 1.0
224 1086 1.0
224 1185 1.0
224 852 1.0
224 1052 1.0
224 220 1.0
224 874 1.0
224 235 1.0
224 386 1.0
225 461 1.0
225 1221 1.0
225 879 1.0
225 256 1.0
225 863 1.0
225 1084 1.0
225 210 1.0
225 539 1.0
225 265 1.0
225 240 1.0
227 545 1.0
227 541 1.0
227 105 1.0
227 201 1.0
227 348 1.0
227 690 1.0
227 153 1.0
227 375 1.0
227 38 1.0
227 159 1.0
227 424 1.0
227 361 1.0
227 309 1.0
227 314 1.0
227 207 1.0
227 316 1.0
227 691 1.0
228 823 1.0
229 867 1.0
230 724 1.0
231 691 1.0
235 217 1.0
235 239 1.0
235 213 1.0
235 873 1.0
235 874 1.0
235 770 1.0
235 643 1.0
235 130 1.0
235 816 1.0
235 390 1.0
235 1052 1.0
235 246 1.0
235 1141 1.0
235 1162 1.0
235 1086 1.0
235 224 1.0
235 220 1.0
235 974 1.0
235 1188 1.0
235 1144 1.0
235 1002 1.0
235 852 1.0
235 84 1.0
235 1160 1.0
235 1202 1.0
235 1185 1.0
235 655 1.0
235 461 1.0
235 1208 1.0
235 665 1.0
235 1046 1.0
235 645 1.0
235 340 1.0
235 1073 1.0
235 897 1.0
235 955 1.0
235 28 1.0
235 2 1.0
235 63 1.0
235 1066 1.0
235 654 1.0
235 561 1.0
235 793 1.0
235 65 1.0
235 929 1.0
235 243 1.0
235 567 1.0
235 248 1.0
236 235 1.0
237 235 1.0
238 235 1.0
241 1176 1.0
241 1239 1.0
241 580 1.0
241 1175 1.0
241 263 1.0
242 389 1.0
245 987 1.0
245 1031 1.0
245 40 1.0
245 914 1.0
245 308 1.0
245 784 1.0
245 516 1.0
245 690 1.0
245 152 1.0
245 704 1.0
245 701 1.0
245 149 1.0
245 849 1.0
245 252 1.0
245 1253 1.0
245 580 1.0
245 940 1.0
245 455 1.0
245 942 1.0
245 545 1.0
245 486 1.0
245 1244 1.0
245 105 1.0
245 1154 1.0
245 1175 1.0
245 1239 1.0
245 361 1.0
245 348 1.0
245 461 1.0
245 540 1.0
245 39 1.0
245 1114 1.0
245 335 1.0
245 405 1.0
245 873 1.0
245 848 1.0
245 136 1.0
245 530 1.0
245 231 1.0
245 1242 1.0
245 691 1.0
245 674 1.0
245 542 1.0
245 1231 1.0
245 276 1.0
245 1222 1.0
245 648 1.0
245 278 1.0
245 885 1.0
245 480 1.0
245 1159 1.0
245 1176 1.0
245 1179 1.0
245 626 1.0
245 720 1.0
245 1165 1.0
245 963 1.0
245 950 1.0
245 727 1.0
245 609 1.0
245 141 1.0
245 1270 1.0
245 21 1.0
245 388 1.0
245 630 1.0
245 656 1.0
245 930 1.0
246 874 1.0
246 1188 1.0
246 1162 1.0
246 1187 1.0
246 852 1.0
246 1160 1.0
246 1140 1.0
246 1202 1.0
246 1185 1.0
246 1052 1.0
246 1002 1.0
246 220 1.0
246 1144 1.0
246 289 1.0
246 1086 1.0
246 224 1.0
246 1279 1.0
246 116 1.0
246 424 1.0
246 489 1.0
246 1176 1.0
246 235 1.0
246 1253 1.0
246 1175 1.0
246 872 1.0
246 1229 1.0
246 536 1.0
246 288 1.0
246 436 1.0
246 243 1.0
246 525 1.0
246 898 1.0
246 342 1.0
247 353 1.0
248 288 1.0
248 1140 1.0
248 1160 1.0
248 243 1.0
248 235 1.0
248 441 1.0
248 810 1.0
248 525 1.0
249 245 1.0
250 264 1.0
250 648 1.0
251 268 1.0
252 245 1.0
252 152 1.0
252 278 1.0
252 626 1.0
252 38 1.0
252 849 1.0
252 987 1.0
252 1159 1.0
252 1175 1.0
252 674 1.0
252 461 1.0
254 581 1.0
254 1043 1.0
254 399 1.0
254 999 1.0
254 454 1.0
254 186 1.0
254 957 1.0
254 423 1.0
254 427 1.0
254 396 1.0
254 759 1.0
254 599 1.0
255 318 1.0
255 1253 1.0
256 1084 1.0
256 271 1.0
256 267 1.0
256 539 1.0
256 240 1.0
256 225 1.0
256 210 1.0
257 211 1.0
257 650 1.0
257 634 1.0
259 581 1.0
259 42 1.0
259 632 1.0
259 759 1.0
259 126 1.0
259 1110 1.0
259 745 1.0
259 687 1.0
259 427 1.0
259 731 1.0
259 1214 1.0
259 391 1.0
259 599 1.0
259 698 1.0
259 1236 1.0
259 1069 1.0
259 423 1.0
259 753 1.0
259 957 1.0
259 864 1.0
259 999 1.0
259 1061 1.0
259 186 1.0
259 1145 1.0
259 751 1.0
259 559 1.0
259 478 1.0
259 601 1.0
259 454 1.0
259 1043 1.0
259 199 1.0
259 440 1.0
259 457 1.0
259 1150 1.0
259 771 1.0
259 709 1.0
259 431 1.0
259 1228 1.0
259 883 1.0
259 1103 1.0
259 754 1.0
259 434 1.0
259 750 1.0
259 254 1.0
259 718 1.0
259 755 1.0
259 428 1.0
260 335 1.0
260 1134 1.0
260 405 1.0
260 595 1.0
261 60 1.0
261 873 1.0
261 874 1.0
261 478 1.0
261 11 1.0
261 1231 1.0
262 399 1.0
262 1145 1.0
262 1152 1.0
262 689 1.0
262 559 1.0
262 555 1.0
262 640 1.0
263 848 1.0
264 648 1.0
264 609 1.0
264 38 1.0
264 245 1.0
264 1253 1.0
264 1239 1.0
264 1231 1.0
264 1222 1.0
264 1179 1.0
264 1176 1.0
264 1175 1.0
264 545 1.0
264 133 1.0
264 250 1.0
264 1242 1.0
264 153 1.0
265 225 1.0
266 559 1.0
266 555 1.0
266 1152 1.0
266 1145 1.0
266 466 1.0
266 399 1.0
268 501 1.0
268 270 1.0
268 269 1.0
268 1175 1.0
269 924 1.0
269 796 1.0
269 909 1.0
269 1191 1.0
269 607 1.0
269 1281 1.0
269 894 1.0
269 873 1.0
269 503 1.0
269 501 1.0
269 354 1.0
270 16 1.0
271 240 1.0
271 1231 1.0
272 554 1.0
272 134 1.0
272 1216 1.0
272 1213 1.0
272 1106 1.0
272 1209 1.0
272 1053 1.0
272 904 1.0
272 757 1.0
272 726 1.0
272 1172 1.0
272 681 1.0
272 468 1.0
272 1270 1.0
272 716 1.0
272 488 1.0
272 273 1.0
272 1114 1.0
272 167 1.0
273 1114 1.0
273 167 1.0
273 272 1.0
273 1252 1.0
273 1213 1.0
273 572 1.0
273 571 1.0
273 716 1.0
273 488 1.0
273 554 1.0
273 1137 1.0
273 260 1.0
273 95 1.0
273 734 1.0
273 1147 1.0
273 787 1.0
273 904 1.0
273 1148 1.0
273 676 1.0
273 1209 1.0
273 681 1.0
273 786 1.0
273 1270 1.0
273 299 1.0
273 348 1.0
273 468 1.0
273 988 1.0
273 1146 1.0
273 1172 1.0
274 659 1.0
275 1095 1.0
275 631 1.0
275 1115 1.0
275 329 1.0
275 1158 1.0
275 333 1.0
275 1001 1.0
275 452 1.0
275 967 1.0
275 803 1.0
276 1239 1.0
276 387 1.0
276 1123 1.0
276 626 1.0
276 720 1.0
276 691 1.0
276 1259 1.0
276 1244 1.0
276 435 1.0
276 252 1.0
276 1175 1.0
276 393 1.0
276 131 1.0
276 656 1.0
276 609 1.0
276 1253 1.0
276 962 1.0
277 431 1.0
277 434 1.0
277 1130 1.0
277 1103 1.0
277 458 1.0
277 957 1.0
277 1101 1.0
277 1069 1.0
277 883 1.0
277 454 1.0
278 152 1.0
278 626 1.0
278 252 1.0
278 1175 1.0
278 12 1.0
278 727 1.0
278 1176 1.0
278 849 1.0
278 245 1.0
278 963 1.0
278 1244 1.0
278 1179 1.0
278 1231 1.0
278 159 1.0
278 805 1.0
278 681 1.0
278 519 1.0
279 774 1.0
279 311 1.0
282 281 1.0
283 1130 1.0
284 1158 1.0
284 421 1.0
284 200 1.0
284 788 1.0
284 644 1.0
284 1195 1.0
284 537 1.0
284 814 1.0
286 609 1.0
286 1159 1.0
286 1253 1.0
286 659 1.0
286 1175 1.0
287 968 1.0
287 148 1.0
287 145 1.0
287 234 1.0
287 1062 1.0
287 178 1.0
288 848 1.0
288 348 1.0
290 1090 1.0
290 823 1.0
290 772 1.0
290 816 1.0
290 1072 1.0
291 519 1.0
291 1226 1.0
292 720 1.0
292 1231 1.0
293 519 1.0
293 351 1.0
293 335 1.0
293 161 1.0
293 568 1.0
293 1265 1.0
294 506 1.0
294 1280 1.0
294 1215 1.0
294 1191 1.0
295 1272 1.0
295 1011 1.0
295 1267 1.0
296 909 1.0
296 848 1.0
296 354 1.0
296 96 1.0
296 743 1.0
296 168 1.0
296 816 1.0
296 349 1.0
296 235 1.0
296 217 1.0
297 805 1.0
297 346 1.0
297 102 1.0
297 327 1.0
297 293 1.0
297 983 1.0
297 549 1.0
297 179 1.0
297 907 1.0
297 830 1.0
297 825 1.0
297 334 1.0
297 29 1.0
297 335 1.0
297 508 1.0
299 348 1.0
299 335 1.0
299 464 1.0
301 179 1.0
301 508 1.0
302 405 1.0
302 297 1.0
302 300 1.0
302 465 1.0
302 335 1.0
302 1199 1.0
302 1253 1.0
302 1175 1.0
302 299 1.0
302 539 1.0
302 172 1.0
306 328 1.0
307 749 1.0
307 315 1.0
308 245 1.0
308 690 1.0
308 1253 1.0
308 1154 1.0
308 1175 1.0
308 548 1.0
308 545 1.0
308 1000 1.0
309 1175 1.0
311 1238 1.0
311 916 1.0
311 175 1.0
311 279 1.0
312 860 1.0
312 848 1.0
312 1049 1.0
312 506 1.0
312 706 1.0
313 1030 1.0
313 162 1.0
313 88 1.0
315 328 1.0
315 1155 1.0
315 368 1.0
316 105 1.0
316 1159 1.0
316 538 1.0
316 545 1.0
316 309 1.0
316 638 1.0
316 1179 1.0
316 1175 1.0
316 1165 1.0
316 1239 1.0
316 227 1.0
316 314 1.0
317 900 1.0
317 403 1.0
318 1259 1.0
318 720 1.0
318 469 1.0
318 1165 1.0
319 176 1.0
319 1070 1.0
320 508 1.0
320 1167 1.0
320 1240 1.0
320 335 1.0
320 313 1.0
320 297 1.0
321 429 1.0
321 1274 1.0
321 365 1.0
321 949 1.0
321 348 1.0
324 235 1.0
324 654 1.0
324 1049 1.0
325 1169 1.0
325 909 1.0
325 972 1.0
325 926 1.0
325 1177 1.0
326 956 1.0
328 916 1.0
328 175 1.0
328 311 1.0
328 1210 1.0
328 1238 1.0
328 127 1.0
328 306 1.0
328 44 1.0
328 279 1.0
328 522 1.0
328 173 1.0
328 595 1.0
328 335 1.0
328 492 1.0
328 744 1.0
328 627 1.0
328 463 1.0
328 1180 1.0
328 315 1.0
328 774 1.0
328 405 1.0
328 260 1.0
328 912 1.0
328 164 1.0
328 60 1.0
328 460 1.0
328 1198 1.0
328 1155 1.0
328 305 1.0
328 215 1.0
328 461 1.0
330 335 1.0
330 405 1.0
330 111 1.0
330 691 1.0
331 88 1.0
331 943 1.0
331 509 1.0
331 813 1.0
331 327 1.0
331 332 1.0
331 985 1.0
331 335 1.0
331 491 1.0
331 151 1.0
331 161 1.0
332 331 1.0
332 88 1.0
332 943 1.0
332 509 1.0
332 813 1.0
332 327 1.0
335 907 1.0
335 465 1.0
335 735 1.0
335 334 1.0
335 297 1.0
335 327 1.0
335 1240 1.0
335 524 1.0
335 111 1.0
335 1033 1.0
335 374 1.0
335 549 1.0
335 302 1.0
335 943 1.0
335 410 1.0
335 179 1.0
335 1265 1.0
335 848 1.0
335 805 1.0
335 215 1.0
335 405 1.0
335 331 1.0
338 1179 1.0
338 545 1.0
338 543 1.0
338 538 1.0
338 547 1.0
338 1176 1.0
338 1175 1.0
338 548 1.0
338 1159 1.0
338 690 1.0
338 1243 1.0
338 361 1.0
339 1128 1.0
339 1224 1.0
339 605 1.0
339 1093 1.0
339 1091 1.0
339 822 1.0
339 761 1.0
340 1208 1.0
340 643 1.0
340 35 1.0
340 1160 1.0
340 1140 1.0
340 852 1.0
340 1185 1.0
340 955 1.0
340 235 1.0
341 1181 1.0
341 909 1.0
341 1173 1.0
341 1212 1.0
342 389 1.0
342 770 1.0
344 622 1.0
344 302 1.0
345 387 1.0
345 630 1.0
345 131 1.0
345 925 1.0
345 1123 1.0
345 141 1.0
346 907 1.0
346 943 1.0
346 805 1.0
346 549 1.0
346 334 1.0
346 335 1.0
346 327 1.0
346 302 1.0
346 764 1.0
346 465 1.0
346 297 1.0
346 245 1.0
346 410 1.0
346 29 1.0
346 1010 1.0
346 151 1.0
346 742 1.0
346 491 1.0
346 486 1.0
347 907 1.0
347 335 1.0
348 848 1.0
348 663 1.0
348 312 1.0
348 713 1.0
348 206 1.0
348 599 1.0
348 338 1.0
348 1175 1.0
349 816 1.0
349 727 1.0
349 461 1.0
349 1184 1.0
349 1086 1.0
349 317 1.0
350 348 1.0
350 245 1.0
350 848 1.0
351 869 1.0
351 1226 1.0
351 1265 1.0
351 53 1.0
351 181 1.0
351 990 1.0
351 297 1.0
351 7 1.0
351 1247 1.0
351 524 1.0
352 141 1.0
352 131 1.0
352 345 1.0
353 107 1.0
353 1073 1.0
353 523 1.0
353 1056 1.0
354 461 1.0
354 865 1.0
354 1114 1.0
354 245 1.0
354 786 1.0
354 463 1.0
355 976 1.0
355 1181 1.0
355 930 1.0
355 1141 1.0
355 882 1.0
355 734 1.0
357 19 1.0
361 543 1.0
361 548 1.0
361 538 1.0
361 545 1.0
361 1179 1.0
361 1175 1.0
361 1159 1.0
361 1176 1.0
361 245 1.0
362 181 1.0
363 990 1.0
363 38 1.0
363 448 1.0
365 321 1.0
365 691 1.0
367 794 1.0
367 847 1.0
367 988 1.0
367 786 1.0
367 1114 1.0
367 1148 1.0
367 594 1.0
367 523 1.0
367 851 1.0
367 710 1.0
367 1252 1.0
367 1081 1.0
367 1270 1.0
367 167 1.0
367 517 1.0
367 815 1.0
367 134 1.0
367 1216 1.0
367 1213 1.0
367 1136 1.0
367 1147 1.0
367 1106 1.0
367 1209 1.0
367 1097 1.0
367 1053 1.0
367 1041 1.0
367 853 1.0
367 935 1.0
367 904 1.0
367 882 1.0
367 787 1.0
367 738 1.0
367 757 1.0
367 734 1.0
367 728 1.0
367 726 1.0
367 1172 1.0
367 683 1.0
367 681 1.0
367 675 1.0
367 676 1.0
367 194 1.0
369 1256 1.0
369 618 1.0
369 426 1.0
369 814 1.0
370 957 1.0
370 454 1.0
370 581 1.0
370 432 1.0
370 1043 1.0
370 1110 1.0
370 457 1.0
370 1270 1.0
370 745 1.0
370 427 1.0
370 399 1.0
370 599 1.0
370 1215 1.0
370 816 1.0
370 676 1.0
372 338 1.0
372 141 1.0
372 1243 1.0
372 543 1.0
372 538 1.0
372 548 1.0
372 545 1.0
372 1179 1.0
372 1176 1.0
372 1175 1.0
372 1159 1.0
372 686 1.0
372 849 1.0
372 1154 1.0
374 465 1.0
374 335 1.0
374 549 1.0
374 1010 1.0
374 1030 1.0
374 805 1.0
376 348 1.0
376 213 1.0
376 1185 1.0
376 898 1.0
376 288 1.0
378 379 1.0
378 209 1.0
379 378 1.0
379 209 1.0
380 1102 1.0
380 848 1.0
380 461 1.0
380 354 1.0
380 255 1.0
380 245 1.0
380 1255 1.0
380 1281 1.0
380 463 1.0
380 1084 1.0
380 622 1.0
380 390 1.0
382 348 1.0
383 934 1.0
383 531 1.0
384 1180 1.0
385 1242 1.0
385 1231 1.0
386 60 1.0
386 235 1.0
386 929 1.0
386 1208 1.0
386 1056 1.0
386 643 1.0
386 1140 1.0
386 1185 1.0
386 243 1.0
386 378 1.0
386 665 1.0
386 261 1.0
386 1186 1.0
386 217 1.0
386 478 1.0
386 1283 1.0
386 874 1.0
386 655 1.0
387 131 1.0
388 940 1.0
388 630 1.0
388 181 1.0
388 245 1.0
388 609 1.0
388 435 1.0
388 691 1.0
388 375 1.0
388 252 1.0
388 1175 1.0
388 736 1.0
388 990 1.0
388 778 1.0
388 585 1.0
388 345 1.0
388 276 1.0
388 131 1.0
389 898 1.0
390 461 1.0
390 873 1.0
390 909 1.0
390 903 1.0
390 816 1.0
390 167 1.0
390 235 1.0
390 470 1.0
390 599 1.0
391 1130 1.0
391 457 1.0
391 702 1.0
391 132 1.0
391 603 1.0
391 416 1.0
393 940 1.0
393 630 1.0
393 388 1.0
393 38 1.0
393 245 1.0
393 1123 1.0
393 609 1.0
393 276 1.0
393 1079 1.0
393 448 1.0
393 733 1.0
393 181 1.0
393 869 1.0
393 1265 1.0
393 1248 1.0
393 990 1.0
393 1175 1.0
393 691 1.0
393 214 1.0
393 1253 1.0
393 252 1.0
393 410 1.0
393 736 1.0
393 950 1.0
393 131 1.0
393 435 1.0
393 778 1.0
393 375 1.0
393 656 1.0
393 345 1.0
393 585 1.0
394 213 1.0
394 899 1.0
396 895 1.0
396 759 1.0
396 423 1.0
396 957 1.0
396 1061 1.0
396 454 1.0
396 1059 1.0
396 186 1.0
397 423 1.0
397 457 1.0
397 416 1.0
398 416 1.0
398 599 1.0
399 599 1.0
399 1130 1.0
399 559 1.0
399 120 1.0
399 1145 1.0
399 994 1.0
399 186 1.0
399 454 1.0
399 957 1.0
399 601 1.0
399 1103 1.0
399 674 1.0
399 1114 1.0
399 166 1.0
403 816 1.0
403 865 1.0
403 903 1.0
403 349 1.0
403 1100 1.0
403 317 1.0
403 1184 1.0
403 823 1.0
403 761 1.0
403 997 1.0
403 819 1.0
403 772 1.0
403 1093 1.0
404 792 1.0
404 1276 1.0
404 587 1.0
404 1227 1.0
404 165 1.0
405 830 1.0
405 215 1.0
405 334 1.0
405 335 1.0
405 830 1.0
405 215 1.0
405 334 1.0
405 335 1.0
406 1183 1.0
406 206 1.0
409 165 1.0
410 950 1.0
410 1032 1.0
410 411 1.0
411 490 1.0
411 348 1.0
413 1070 1.0
413 1200 1.0
413 348 1.0
414 760 1.0
417 205 1.0
417 1168 1.0
418 1191 1.0
418 191 1.0
418 1190 1.0
418 1163 1.0
418 948 1.0
419 599 1.0
419 698 1.0
419 705 1.0
419 590 1.0
419 640 1.0
419 1130 1.0
420 721 1.0
420 517 1.0
421 949 1.0
421 1158 1.0
421 666 1.0
421 1263 1.0
422 906 1.0
422 1273 1.0
422 964 1.0
422 558 1.0
422 592 1.0
423 759 1.0
423 454 1.0
423 1061 1.0
423 186 1.0
423 718 1.0
423 1059 1.0
423 895 1.0
423 434 1.0
423 396 1.0
423 399 1.0
427 603 1.0
427 1069 1.0
427 423 1.0
427 957 1.0
427 581 1.0
427 754 1.0
427 259 1.0
427 199 1.0
427 1214 1.0
427 1257 1.0
427 9 1.0
427 759 1.0
427 454 1.0
427 186 1.0
427 697 1.0
427 1061 1.0
427 428 1.0
427 126 1.0
427 1043 1.0
427 1110 1.0
427 753 1.0
427 399 1.0
428 423 1.0
428 454 1.0
428 995 1.0
428 697 1.0
428 1110 1.0
428 399 1.0
428 745 1.0
428 957 1.0
428 524 1.0
428 999 1.0
428 132 1.0
428 427 1.0
428 443 1.0
430 1090 1.0
430 1153 1.0
430 1072 1.0
430 973 1.0
430 1193 1.0
430 317 1.0
430 1184 1.0
430 903 1.0
430 865 1.0
430 816 1.0
430 1175 1.0
430 772 1.0
432 745 1.0
432 750 1.0
432 732 1.0
432 1246 1.0
432 901 1.0
432 708 1.0
432 589 1.0
432 1234 1.0
432 1055 1.0
432 864 1.0
432 437 1.0
432 171 1.0
432 1236 1.0
432 1069 1.0
432 771 1.0
432 687 1.0
432 731 1.0
432 370 1.0
433 105 1.0
433 767 1.0
433 1176 1.0
433 951 1.0
433 1167 1.0
433 245 1.0
434 523 1.0
435 1239 1.0
435 38 1.0
435 626 1.0
435 1242 1.0
435 656 1.0
435 609 1.0
435 1154 1.0
435 674 1.0
435 1037 1.0
435 691 1.0
435 48 1.0
435 21 1.0
435 276 1.0
435 249 1.0
435 1253 1.0
435 245 1.0
435 393 1.0
435 278 1.0
435 131 1.0
436 1057 1.0
436 235 1.0
437 754 1.0
437 750 1.0
437 581 1.0
437 698 1.0
437 171 1.0
437 432 1.0
437 687 1.0
437 1069 1.0
437 864 1.0
437 1236 1.0
437 1234 1.0
437 1055 1.0
437 901 1.0
437 843 1.0
437 771 1.0
437 708 1.0
437 589 1.0
437 731 1.0
438 674 1.0
438 1253 1.0
438 648 1.0
438 1154 1.0
438 1165 1.0
438 255 1.0
438 449 1.0
439 760 1.0
440 164 1.0
440 399 1.0
441 395 1.0
441 792 1.0
441 991 1.0
443 428 1.0
444 335 1.0
444 1010 1.0
444 983 1.0
444 161 1.0
444 1030 1.0
445 320 1.0
445 619 1.0
445 907 1.0
445 335 1.0
445 805 1.0
445 331 1.0
446 445 1.0
447 895 1.0
447 196 1.0
447 463 1.0
447 169 1.0
447 168 1.0
447 590 1.0
447 1103 1.0
447 186 1.0
447 599 1.0
447 601 1.0
447 1145 1.0
447 957 1.0
448 990 1.0
448 524 1.0
448 363 1.0
448 811 1.0
448 410 1.0
448 38 1.0
449 1159 1.0
449 1165 1.0
454 396 1.0
454 759 1.0
454 423 1.0
454 186 1.0
456 221 1.0
457 756 1.0
457 420 1.0
457 397 1.0
457 895 1.0
457 1059 1.0
457 454 1.0
457 839 1.0
457 1119 1.0
457 1131 1.0
457 702 1.0
457 731 1.0
458 126 1.0
458 46 1.0
458 69 1.0
458 104 1.0
458 103 1.0
458 396 1.0
458 957 1.0
458 694 1.0
458 1225 1.0
459 1184 1.0
461 354 1.0
461 1192 1.0
461 909 1.0
461 903 1.0
461 390 1.0
461 167 1.0
461 1175 1.0
461 1180 1.0
462 461 1.0
463 461 1.0
464 299 1.0
465 374 1.0
465 907 1.0
465 741 1.0
465 304 1.0
465 805 1.0
465 837 1.0
465 765 1.0
465 1175 1.0
465 425 1.0
465 943 1.0
465 157 1.0
465 491 1.0
465 334 1.0
465 301 1.0
465 764 1.0
465 300 1.0
465 302 1.0
465 297 1.0
465 549 1.0
465 335 1.0
465 327 1.0
465 313 1.0
467 762 1.0
467 780 1.0
467 1128 1.0
467 1120 1.0
467 868 1.0
467 1258 1.0
467 1091 1.0
468 348 1.0
468 272 1.0
468 299 1.0
468 988 1.0
468 1127 1.0
468 554 1.0
470 473 1.0
470 461 1.0
470 555 1.0
470 1152 1.0
470 1145 1.0
470 1039 1.0
470 512 1.0
470 1096 1.0
470 132 1.0
470 434 1.0
470 702 1.0
470 399 1.0
470 599 1.0
470 1130 1.0
470 689 1.0
471 1259 1.0
471 720 1.0
471 472 1.0
471 469 1.0
471 318 1.0
471 1159 1.0
471 530 1.0
471 1154 1.0
471 622 1.0
471 385 1.0
471 461 1.0
471 1242 1.0
471 672 1.0
471 717 1.0
472 471 1.0
472 1259 1.0
472 469 1.0
472 318 1.0
472 720 1.0
474 759 1.0
474 957 1.0
474 1111 1.0
474 599 1.0
475 487 1.0
475 403 1.0
475 481 1.0
475 780 1.0
475 822 1.0
475 762 1.0
475 47 1.0
475 761 1.0
475 1220 1.0
475 855 1.0
476 819 1.0
477 380 1.0
477 1102 1.0
478 873 1.0
478 461 1.0
478 390 1.0
478 354 1.0
478 1252 1.0
478 212 1.0
478 519 1.0
478 850 1.0
478 1231 1.0
479 943 1.0
480 749 1.0
480 1244 1.0
480 850 1.0
480 1155 1.0
480 1218 1.0
480 1048 1.0
480 162 1.0
480 1176 1.0
480 1165 1.0
480 1253 1.0
480 627 1.0
480 954 1.0
480 519 1.0
480 849 1.0
480 461 1.0
480 354 1.0
480 926 1.0
480 390 1.0
480 805 1.0
480 470 1.0
480 1039 1.0
480 645 1.0
480 784 1.0
480 245 1.0
482 483 1.0
482 713 1.0
482 780 1.0
482 1114 1.0
482 899 1.0
482 663 1.0
483 482 1.0
485 873 1.0
485 461 1.0
485 235 1.0
485 324 1.0
485 1066 1.0
485 478 1.0
485 288 1.0
485 220 1.0
485 1162 1.0
485 1188 1.0
485 1160 1.0
485 1208 1.0
485 1140 1.0
485 1185 1.0
485 655 1.0
485 390 1.0
485 848 1.0
486 549 1.0
486 245 1.0
486 149 1.0
486 484 1.0
487 822 1.0
487 762 1.0
487 467 1.0
487 868 1.0
487 1258 1.0
487 1128 1.0
487 857 1.0
487 1153 1.0
487 1091 1.0
487 889 1.0
487 475 1.0
487 865 1.0
487 1184 1.0
487 881 1.0
487 880 1.0
487 1193 1.0
487 390 1.0
487 481 1.0
487 47 1.0
487 848 1.0
487 583 1.0
487 526 1.0
487 605 1.0
487 1175 1.0
487 714 1.0
487 997 1.0
487 412 1.0
487 816 1.0
487 348 1.0
488 1270 1.0
488 716 1.0
488 167 1.0
488 1172 1.0
488 1213 1.0
488 904 1.0
488 681 1.0
488 1252 1.0
488 722 1.0
488 1139 1.0
488 786 1.0
488 1176 1.0
488 554 1.0
488 153 1.0
488 1081 1.0
488 272 1.0
488 1054 1.0
488 794 1.0
490 908 1.0
490 625 1.0
490 553 1.0
490 128 1.0
490 830 1.0
490 569 1.0
490 498 1.0
490 668 1.0
490 642 1.0
490 253 1.0
490 1064 1.0
490 664 1.0
490 743 1.0
490 165 1.0
490 828 1.0
490 1109 1.0
490 809 1.0
490 923 1.0
490 840 1.0
490 913 1.0
490 507 1.0
490 112 1.0
490 441 1.0
490 156 1.0
490 424 1.0
490 578 1.0
490 531 1.0
490 358 1.0
490 1277 1.0
490 546 1.0
490 310 1.0
490 519 1.0
490 411 1.0
490 730 1.0
491 907 1.0
491 172 1.0
491 405 1.0
491 179 1.0
492 916 1.0
493 1224 1.0
494 1081 1.0
494 1252 1.0
494 1037 1.0
494 1165 1.0
494 648 1.0
494 153 1.0
495 814 1.0
496 816 1.0
497 641 1.0
497 179 1.0
499 218 1.0
500 1217 1.0
503 978 1.0
503 1177 1.0
503 952 1.0
503 190 1.0
503 719 1.0
503 1207 1.0
503 504 1.0
503 502 1.0
503 499 1.0
503 501 1.0
504 948 1.0
504 1190 1.0
505 1206 1.0
505 1177 1.0
505 504 1.0
505 499 1.0
505 501 1.0
505 1181 1.0
506 1049 1.0
506 607 1.0
506 499 1.0
506 504 1.0
506 1207 1.0
506 503 1.0
507 1233 1.0
508 917 1.0
508 1026 1.0
508 534 1.0
508 343 1.0
508 931 1.0
508 297 1.0
508 764 1.0
508 300 1.0
508 302 1.0
508 688 1.0
508 195 1.0
508 172 1.0
508 198 1.0
508 985 1.0
508 465 1.0
508 301 1.0
508 805 1.0
508 958 1.0
508 461 1.0
509 331 1.0
510 1114 1.0
510 523 1.0
510 786 1.0
511 317 1.0
511 558 1.0
511 964 1.0
512 461 1.0
512 1148 1.0
512 1081 1.0
512 470 1.0
512 1145 1.0
512 168 1.0
512 57 1.0
512 689 1.0
512 132 1.0
513 307 1.0
513 1176 1.0
513 315 1.0
513 781 1.0
514 1169 1.0
517 710 1.0
517 1083 1.0
517 1127 1.0
517 851 1.0
517 1137 1.0
517 540 1.0
517 1269 1.0
517 681 1.0
517 1213 1.0
517 676 1.0
517 134 1.0
517 457 1.0
517 1209 1.0
517 1053 1.0
517 354 1.0
517 904 1.0
518 1137 1.0
518 1252 1.0
518 786 1.0
518 1209 1.0
518 1127 1.0
518 167 1.0
518 1213 1.0
519 152 1.0
519 805 1.0
520 879 1.0
520 1003 1.0
520 622 1.0
520 1231 1.0
520 1239 1.0
520 1154 1.0
520 720 1.0
521 154 1.0
521 900 1.0
521 1011 1.0
522 627 1.0
523 354 1.0
523 1213 1.0
523 1172 1.0
523 1252 1.0
523 716 1.0
523 1270 1.0
523 904 1.0
523 1114 1.0
523 1129 1.0
523 434 1.0
523 167 1.0
523 794 1.0
523 656 1.0
523 786 1.0
523 1081 1.0
523 478 1.0
523 367 1.0
523 595 1.0
523 1137 1.0
525 874 1.0
526 605 1.0
526 1224 1.0
527 826 1.0
528 226 1.0
528 320 1.0
528 446 1.0
528 943 1.0
528 410 1.0
528 327 1.0
528 374 1.0
529 335 1.0
529 805 1.0
529 179 1.0
530 472 1.0
533 729 1.0
535 691 1.0
535 661 1.0
535 1175 1.0
535 3 1.0
538 727 1.0
538 486 1.0
538 214 1.0
538 1179 1.0
538 31 1.0
538 1175 1.0
538 316 1.0
538 691 1.0
538 361 1.0
538 1281 1.0
538 309 1.0
539 348 1.0
540 1209 1.0
540 1077 1.0
540 681 1.0
540 896 1.0
540 676 1.0
540 1213 1.0
540 167 1.0
540 461 1.0
540 1114 1.0
540 1139 1.0
540 134 1.0
540 523 1.0
540 1116 1.0
540 716 1.0
540 468 1.0
540 851 1.0
540 517 1.0
540 1137 1.0
540 988 1.0
541 542 1.0
541 144 1.0
541 1154 1.0
541 245 1.0
541 1242 1.0
542 691 1.0
542 1159 1.0
542 541 1.0
543 545 1.0
543 1154 1.0
543 1165 1.0
543 1166 1.0
543 1184 1.0
543 34 1.0
543 852 1.0
543 907 1.0
543 346 1.0
543 1175 1.0
543 327 1.0
543 1265 1.0
543 1159 1.0
543 633 1.0
543 848 1.0
543 1239 1.0
543 873 1.0
543 784 1.0
543 361 1.0
543 548 1.0
544 312 1.0
545 548 1.0
545 784 1.0
545 227 1.0
545 316 1.0
545 1192 1.0
545 541 1.0
545 34 1.0
545 690 1.0
545 1166 1.0
545 435 1.0
545 516 1.0
545 701 1.0
545 704 1.0
545 245 1.0
545 987 1.0
545 141 1.0
545 1179 1.0
545 1175 1.0
545 543 1.0
545 538 1.0
545 152 1.0
545 914 1.0
545 264 1.0
545 494 1.0
545 372 1.0
545 136 1.0
545 1167 1.0
545 1154 1.0
545 361 1.0
545 1159 1.0
545 1281 1.0
545 105 1.0
545 252 1.0
545 686 1.0
545 630 1.0
545 1253 1.0
545 348 1.0
545 542 1.0
545 461 1.0
545 31 1.0
546 1216 1.0
546 549 1.0
547 338 1.0
547 105 1.0
547 245 1.0
547 160 1.0
547 159 1.0
547 1175 1.0
547 357 1.0
547 987 1.0
547 530 1.0
547 951 1.0
547 361 1.0
547 201 1.0
547 622 1.0
547 672 1.0
547 1253 1.0
547 548 1.0
547 543 1.0
547 545 1.0
547 538 1.0
547 1179 1.0
547 1176 1.0
547 162 1.0
547 38 1.0
547 19 1.0
547 278 1.0
547 12 1.0
548 545 1.0
548 1159 1.0
548 372 1.0
548 1175 1.0
549 1010 1.0
549 873 1.0
549 524 1.0
549 733 1.0
549 344 1.0
549 163 1.0
549 1265 1.0
549 633 1.0
549 335 1.0
551 1158 1.0
552 873 1.0
552 390 1.0
552 461 1.0
554 272 1.0
554 1270 1.0
554 488 1.0
554 167 1.0
554 1252 1.0
554 1114 1.0
554 786 1.0
554 273 1.0
555 399 1.0
555 559 1.0
555 458 1.0
555 466 1.0
555 1225 1.0
556 1000 1.0
556 1249 1.0
556 348 1.0
556 176 1.0
556 615 1.0
556 1154 1.0
556 1253 1.0
558 906 1.0
558 964 1.0
559 555 1.0
559 1152 1.0
559 262 1.0
559 478 1.0
559 186 1.0
559 454 1.0
559 399 1.0
559 599 1.0
559 1145 1.0
559 461 1.0
559 689 1.0
559 196 1.0
559 427 1.0
559 957 1.0
559 581 1.0
559 1225 1.0
559 466 1.0
559 164 1.0
559 391 1.0
560 107 1.0
562 907 1.0
562 873 1.0
563 284 1.0
564 969 1.0
564 680 1.0
565 612 1.0
567 1140 1.0
567 235 1.0
568 335 1.0
568 181 1.0
568 362 1.0
568 813 1.0
568 345 1.0
569 570 1.0
570 569 1.0
572 488 1.0
572 1172 1.0
572 554 1.0
572 272 1.0
572 273 1.0
572 364 1.0
573 1091 1.0
573 762 1.0
573 1184 1.0
573 412 1.0
573 1117 1.0
574 242 1.0
575 452 1.0
576 806 1.0
576 381 1.0
576 946 1.0
577 452 1.0
579 925 1.0
579 214 1.0
579 1123 1.0
579 364 1.0
579 932 1.0
579 630 1.0
579 181 1.0
579 345 1.0
579 940 1.0
579 962 1.0
579 1175 1.0
579 111 1.0
579 33 1.0
579 733 1.0
579 869 1.0
579 811 1.0
579 1240 1.0
579 545 1.0
580 1032 1.0
580 1175 1.0
580 659 1.0
580 519 1.0
580 656 1.0
580 241 1.0
580 245 1.0
580 950 1.0
580 1265 1.0
580 410 1.0
581 999 1.0
581 759 1.0
581 957 1.0
581 454 1.0
581 186 1.0
581 427 1.0
581 423 1.0
581 259 1.0
581 42 1.0
581 122 1.0
581 164 1.0
581 1130 1.0
581 1110 1.0
581 753 1.0
581 599 1.0
581 1257 1.0
581 901 1.0
581 391 1.0
581 457 1.0
581 682 1.0
581 1061 1.0
581 1006 1.0
581 1103 1.0
581 434 1.0
581 731 1.0
581 1098 1.0
581 428 1.0
581 1069 1.0
581 883 1.0
581 1101 1.0
581 702 1.0
581 698 1.0
581 839 1.0
581 1104 1.0
581 1039 1.0
581 168 1.0
581 745 1.0
581 1214 1.0
581 399 1.0
581 431 1.0
581 939 1.0
581 1043 1.0
581 601 1.0
581 760 1.0
581 752 1.0
581 751 1.0
581 754 1.0
581 377 1.0
581 1059 1.0
582 5 1.0
582 900 1.0
582 773 1.0
582 797 1.0
584 991 1.0
587 404 1.0
589 370 1.0
590 957 1.0
590 895 1.0
590 599 1.0
590 1087 1.0
590 893 1.0
591 454 1.0
591 682 1.0
591 440 1.0
591 895 1.0
591 399 1.0
591 759 1.0
591 423 1.0
591 186 1.0
591 957 1.0
592 1273 1.0
592 964 1.0
592 906 1.0
592 558 1.0
592 748 1.0
592 348 1.0
592 134 1.0
592 899 1.0
592 902 1.0
592 1175 1.0
593 904 1.0
595 215 1.0
595 1129 1.0
595 851 1.0
595 1125 1.0
595 405 1.0
595 440 1.0
595 167 1.0
595 523 1.0
595 260 1.0
595 1137 1.0
595 1053 1.0
596 909 1.0
596 926 1.0
596 501 1.0
596 907 1.0
596 335 1.0
596 595 1.0
596 164 1.0
596 405 1.0
598 848 1.0
599 164 1.0
599 470 1.0
599 640 1.0
599 419 1.0
599 705 1.0
599 895 1.0
599 424 1.0
599 893 1.0
599 168 1.0
599 1103 1.0
599 702 1.0
599 1152 1.0
599 196 1.0
599 590 1.0
599 399 1.0
599 981 1.0
599 1110 1.0
599 1061 1.0
599 591 1.0
599 454 1.0
599 126 1.0
599 1130 1.0
599 473 1.0
599 416 1.0
601 599 1.0
601 1103 1.0
601 752 1.0
601 751 1.0
601 164 1.0
601 1130 1.0
601 993 1.0
601 883 1.0
601 186 1.0
601 132 1.0
601 434 1.0
601 581 1.0
601 168 1.0
601 42 1.0
601 470 1.0
601 1104 1.0
601 1152 1.0
601 702 1.0
601 457 1.0
603 702 1.0
603 427 1.0
603 581 1.0
603 753 1.0
603 599 1.0
603 883 1.0
603 754 1.0
604 1130 1.0
604 681 1.0
604 126 1.0
604 424 1.0
604 895 1.0
604 454 1.0
605 1224 1.0
605 711 1.0
605 714 1.0
605 762 1.0
605 816 1.0
605 822 1.0
605 761 1.0
605 392 1.0
605 1220 1.0
605 583 1.0
605 1093 1.0
605 412 1.0
605 855 1.0
605 1065 1.0
605 493 1.0
606 616 1.0
606 155 1.0
606 586 1.0
607 212 1.0
609 435 1.0
609 656 1.0
609 153 1.0
609 1253 1.0
609 648 1.0
609 630 1.0
609 388 1.0
609 990 1.0
609 629 1.0
609 626 1.0
611 785 1.0
611 947 1.0
611 1158 1.0
612 1158 1.0
612 369 1.0
612 322 1.0
612 814 1.0
612 1274 1.0
613 651 1.0
613 606 1.0
613 926 1.0
613 976 1.0
613 155 1.0
613 651 1.0
613 606 1.0
613 926 1.0
613 976 1.0
613 155 1.0
614 681 1.0
614 1114 1.0
614 1148 1.0
614 1213 1.0
617 909 1.0
617 1191 1.0
617 1215 1.0
617 1205 1.0
617 1169 1.0
617 1181 1.0
617 1177 1.0
617 1189 1.0
617 523 1.0
617 904 1.0
617 650 1.0
617 1217 1.0
617 191 1.0
617 155 1.0
617 873 1.0
619 179 1.0
620 1253 1.0
620 1244 1.0
620 1166 1.0
620 1165 1.0
620 1154 1.0
620 278 1.0
620 152 1.0
620 672 1.0
620 626 1.0
620 622 1.0
620 149 1.0
620 1231 1.0
620 153 1.0
620 1108 1.0
620 519 1.0
623 1143 1.0
624 85 1.0
625 405 1.0
625 830 1.0
625 743 1.0
625 1134 1.0
625 877 1.0
625 461 1.0
625 769 1.0
625 61 1.0
625 335 1.0
625 712 1.0
625 138 1.0
626 1244 1.0
626 38 1.0
626 609 1.0
626 278 1.0
626 1239 1.0
626 859 1.0
626 1222 1.0
629 123 1.0
629 648 1.0
629 153 1.0
630 388 1.0
630 940 1.0
630 393 1.0
630 1123 1.0
630 609 1.0
630 276 1.0
630 1079 1.0
630 448 1.0
630 733 1.0
630 181 1.0
630 869 1.0
630 990 1.0
630 962 1.0
630 245 1.0
630 1248 1.0
630 1265 1.0
630 38 1.0
630 1175 1.0
630 691 1.0
630 214 1.0
630 1253 1.0
630 286 1.0
630 950 1.0
630 410 1.0
630 736 1.0
630 131 1.0
630 435 1.0
630 778 1.0
630 375 1.0
630 345 1.0
630 252 1.0
630 585 1.0
631 967 1.0
631 820 1.0
631 1063 1.0
631 1001 1.0
633 461 1.0
634 845 1.0
634 651 1.0
635 599 1.0
635 957 1.0
635 399 1.0
636 637 1.0
636 865 1.0
636 1120 1.0
636 673 1.0
636 973 1.0
636 412 1.0
636 816 1.0
636 857 1.0
637 636 1.0
637 865 1.0
637 673 1.0
638 545 1.0
638 105 1.0
638 160 1.0
638 227 1.0
638 690 1.0
638 543 1.0
638 1179 1.0
638 1176 1.0
638 656 1.0
638 1175 1.0
638 630 1.0
638 626 1.0
638 1239 1.0
638 149 1.0
638 245 1.0
638 580 1.0
638 276 1.0
638 38 1.0
638 435 1.0
638 12 1.0
638 660 1.0
638 314 1.0
638 538 1.0
638 309 1.0
638 316 1.0
638 622 1.0
638 1030 1.0
638 549 1.0
638 354 1.0
638 914 1.0
638 691 1.0
638 848 1.0
638 357 1.0
638 659 1.0
638 144 1.0
638 361 1.0
639 217 1.0
640 419 1.0
640 599 1.0
640 1130 1.0
640 705 1.0
641 335 1.0
641 805 1.0
641 497 1.0
641 179 1.0
648 629 1.0
648 915 1.0
648 264 1.0
650 918 1.0
650 501 1.0
650 502 1.0
650 100 1.0
650 909 1.0
650 1142 1.0
650 85 1.0
651 848 1.0
651 894 1.0
651 91 1.0
651 909 1.0
651 85 1.0
651 461 1.0
651 610 1.0
651 926 1.0
651 1215 1.0
651 155 1.0
651 1142 1.0
651 607 1.0
651 770 1.0
651 1143 1.0
651 719 1.0
651 937 1.0
651 390 1.0
653 131 1.0
654 235 1.0
656 609 1.0
657 1011 1.0
658 848 1.0
658 691 1.0
661 111 1.0
661 55 1.0
661 181 1.0
661 869 1.0
662 1037 1.0
663 860 1.0
663 482 1.0
663 317 1.0
665 235 1.0
668 490 1.0
668 809 1.0
668 934 1.0
668 743 1.0
668 461 1.0
668 641 1.0
668 138 1.0
668 519 1.0
667 668 1.0
668 490 1.0
668 809 1.0
668 934 1.0
668 743 1.0
668 461 1.0
668 641 1.0
668 138 1.0
668 519 1.0
669 738 1.0
669 977 1.0
669 419 1.0
669 1061 1.0
669 957 1.0
669 1147 1.0
669 588 1.0
669 1096 1.0
669 174 1.0
669 1130 1.0
669 454 1.0
669 599 1.0
670 205 1.0
670 1168 1.0
670 145 1.0
670 417 1.0
670 221 1.0
670 1011 1.0
670 900 1.0
670 1268 1.0
672 629 1.0
672 620 1.0
672 1165 1.0
673 865 1.0
675 681 1.0
676 167 1.0
676 1114 1.0
676 134 1.0
676 1216 1.0
676 1136 1.0
676 1106 1.0
676 1209 1.0
676 1097 1.0
676 1053 1.0
676 757 1.0
676 681 1.0
676 1213 1.0
676 716 1.0
676 786 1.0
676 1177 1.0
676 904 1.0
676 1130 1.0
676 517 1.0
676 1172 1.0
676 390 1.0
676 1270 1.0
676 853 1.0
676 710 1.0
677 245 1.0
677 1175 1.0
677 914 1.0
677 942 1.0
677 486 1.0
678 679 1.0
679 678 1.0
679 841 1.0
680 382 1.0
680 1235 1.0
681 167 1.0
681 675 1.0
681 1040 1.0
681 523 1.0
681 676 1.0
681 1148 1.0
681 1270 1.0
681 851 1.0
681 904 1.0
681 1116 1.0
681 1114 1.0
681 988 1.0
681 873 1.0
681 1213 1.0
681 1172 1.0
681 1174 1.0
681 1209 1.0
681 1216 1.0
681 134 1.0
681 1129 1.0
681 1136 1.0
681 786 1.0
681 1175 1.0
681 245 1.0
681 367 1.0
681 1210 1.0
681 1154 1.0
681 716 1.0
681 540 1.0
681 1139 1.0
681 1106 1.0
681 1053 1.0
681 757 1.0
681 726 1.0
681 517 1.0
681 1137 1.0
683 787 1.0
683 904 1.0
683 1209 1.0
684 957 1.0
684 982 1.0
684 1061 1.0
685 727 1.0
685 1154 1.0
685 690 1.0
685 461 1.0
685 717 1.0
686 278 1.0
686 672 1.0
686 530 1.0
686 691 1.0
686 942 1.0
686 516 1.0
686 704 1.0
686 152 1.0
686 701 1.0
686 149 1.0
686 308 1.0
686 690 1.0
686 201 1.0
686 727 1.0
686 685 1.0
686 245 1.0
687 745 1.0
687 589 1.0
687 901 1.0
687 939 1.0
687 427 1.0
687 454 1.0
687 457 1.0
688 300 1.0
688 302 1.0
688 195 1.0
688 172 1.0
688 931 1.0
688 303 1.0
688 1026 1.0
688 529 1.0
688 917 1.0
688 301 1.0
688 304 1.0
688 465 1.0
688 985 1.0
688 346 1.0
688 805 1.0
688 335 1.0
689 399 1.0
689 470 1.0
689 415 1.0
689 447 1.0
689 1145 1.0
689 461 1.0
689 599 1.0
689 186 1.0
689 454 1.0
689 423 1.0
689 601 1.0
689 1096 1.0
690 245 1.0
690 691 1.0
690 701 1.0
690 516 1.0
690 1154 1.0
690 308 1.0
690 859 1.0
690 152 1.0
690 717 1.0
690 548 1.0
690 987 1.0
690 783 1.0
690 545 1.0
690 1175 1.0
690 338 1.0
690 1253 1.0
690 1176 1.0
692 475 1.0
692 865 1.0
692 816 1.0
692 855 1.0
692 857 1.0
692 637 1.0
692 1258 1.0
692 673 1.0
692 467 1.0
692 636 1.0
692 724 1.0
692 723 1.0
692 762 1.0
692 822 1.0
692 761 1.0
692 94 1.0
692 772 1.0
692 412 1.0
692 392 1.0
692 274 1.0
693 1184 1.0
693 676 1.0
693 133 1.0
693 816 1.0
696 1253 1.0
696 720 1.0
696 1154 1.0
696 1165 1.0
696 245 1.0
696 1231 1.0
696 1239 1.0
696 672 1.0
696 1037 1.0
699 434 1.0
701 245 1.0
701 152 1.0
701 704 1.0
701 516 1.0
701 885 1.0
701 308 1.0
701 690 1.0
701 149 1.0
701 784 1.0
702 603 1.0
704 516 1.0
704 152 1.0
704 701 1.0
704 690 1.0
704 245 1.0
704 1165 1.0
704 677 1.0
704 550 1.0
704 691 1.0
704 784 1.0
704 308 1.0
704 136 1.0
705 604 1.0
706 405 1.0
706 215 1.0
706 506 1.0
706 953 1.0
706 1191 1.0
706 164 1.0
706 595 1.0
706 335 1.0
706 907 1.0
707 581 1.0
707 259 1.0
707 42 1.0
707 1061 1.0
707 1103 1.0
707 999 1.0
707 752 1.0
707 751 1.0
707 1214 1.0
707 995 1.0
707 939 1.0
707 753 1.0
707 168 1.0
707 427 1.0
707 428 1.0
707 70 1.0
707 423 1.0
707 957 1.0
707 186 1.0
707 454 1.0
707 759 1.0
709 745 1.0
709 581 1.0
709 454 1.0
709 957 1.0
709 759 1.0
709 1061 1.0
709 864 1.0
710 367 1.0
710 517 1.0
710 1213 1.0
710 851 1.0
710 167 1.0
710 1216 1.0
710 134 1.0
710 1209 1.0
710 904 1.0
710 681 1.0
710 676 1.0
711 392 1.0
711 1224 1.0
711 605 1.0
711 1220 1.0
711 714 1.0
712 335 1.0
712 805 1.0
712 1175 1.0
712 61 1.0
714 290 1.0
714 711 1.0
714 865 1.0
714 857 1.0
715 407 1.0
716 1172 1.0
716 1139 1.0
716 1129 1.0
716 488 1.0
716 1077 1.0
716 1252 1.0
716 1081 1.0
716 676 1.0
716 1209 1.0
716 904 1.0
716 681 1.0
716 1213 1.0
716 1096 1.0
716 648 1.0
716 794 1.0
717 548 1.0
717 720 1.0
717 1154 1.0
717 1243 1.0
717 1253 1.0
717 690 1.0
717 348 1.0
717 1176 1.0
717 1175 1.0
717 545 1.0
717 848 1.0
718 957 1.0
719 85 1.0
719 430 1.0
719 728 1.0
719 676 1.0
719 1130 1.0
719 503 1.0
720 471 1.0
720 472 1.0
720 989 1.0
720 299 1.0
720 348 1.0
720 468 1.0
720 272 1.0
720 672 1.0
720 1259 1.0
720 469 1.0
720 318 1.0
720 691 1.0
720 622 1.0
720 1154 1.0
720 674 1.0
720 245 1.0
720 1003 1.0
720 1243 1.0
720 717 1.0
720 1159 1.0
720 361 1.0
720 1253 1.0
720 78 1.0
720 1231 1.0
720 1239 1.0
720 461 1.0
720 987 1.0
720 292 1.0
720 231 1.0
720 1201 1.0
720 176 1.0
720 1000 1.0
720 1070 1.0
720 1249 1.0
720 8 1.0
720 144 1.0
720 131 1.0
720 629 1.0
720 556 1.0
720 1261 1.0
720 1166 1.0
720 1165 1.0
720 385 1.0
721 698 1.0
722 1223 1.0
722 1114 1.0
722 1270 1.0
722 488 1.0
723 339 1.0
723 94 1.0
723 430 1.0
724 392 1.0
724 780 1.0
724 816 1.0
724 725 1.0
724 865 1.0
724 1072 1.0
724 723 1.0
724 823 1.0
724 848 1.0
724 1128 1.0
724 856 1.0
724 430 1.0
724 805 1.0
724 1093 1.0
724 880 1.0
724 772 1.0
724 324 1.0
724 693 1.0
724 598 1.0
725 392 1.0
725 724 1.0
725 780 1.0
725 816 1.0
725 848 1.0
725 1128 1.0
725 856 1.0
725 430 1.0
725 805 1.0
725 1093 1.0
725 865 1.0
725 772 1.0
725 880 1.0
725 324 1.0
725 723 1.0
725 1072 1.0
725 823 1.0
725 693 1.0
725 598 1.0
727 686 1.0
727 685 1.0
727 201 1.0
728 1197 1.0
728 719 1.0
728 1270 1.0
728 710 1.0
728 540 1.0
728 851 1.0
728 786 1.0
728 847 1.0
728 1114 1.0
728 1252 1.0
728 722 1.0
728 523 1.0
728 794 1.0
731 423 1.0
731 759 1.0
731 454 1.0
731 745 1.0
733 1265 1.0
733 181 1.0
733 111 1.0
734 973 1.0
734 930 1.0
734 1053 1.0
734 935 1.0
734 1209 1.0
734 523 1.0
734 716 1.0
735 109 1.0
735 660 1.0
735 1226 1.0
735 907 1.0
738 595 1.0
738 1252 1.0
739 1154 1.0
739 696 1.0
739 461 1.0
739 419 1.0
740 659 1.0
741 549 1.0
741 907 1.0
741 1123 1.0
741 740 1.0
741 55 1.0
741 3 1.0
741 508 1.0
741 465 1.0
742 335 1.0
742 179 1.0
743 668 1.0
743 909 1.0
743 727 1.0
744 1155 1.0
744 749 1.0
744 328 1.0
744 916 1.0
745 731 1.0
745 589 1.0
745 687 1.0
745 901 1.0
745 1246 1.0
745 432 1.0
745 437 1.0
745 771 1.0
745 427 1.0
745 864 1.0
745 709 1.0
745 431 1.0
745 428 1.0
745 399 1.0
746 747 1.0
747 840 1.0
747 923 1.0
748 899 1.0
749 774 1.0
749 1211 1.0
749 1180 1.0
749 1164 1.0
749 1210 1.0
749 1157 1.0
749 1198 1.0
749 1155 1.0
749 1196 1.0
749 873 1.0
749 701 1.0
749 354 1.0
749 627 1.0
749 1176 1.0
750 904 1.0
750 1110 1.0
750 370 1.0
750 1257 1.0
750 432 1.0
750 171 1.0
750 843 1.0
750 883 1.0
750 752 1.0
750 451 1.0
750 581 1.0
750 277 1.0
750 1043 1.0
750 995 1.0
750 687 1.0
750 999 1.0
750 443 1.0
750 709 1.0
750 428 1.0
750 414 1.0
750 427 1.0
750 1098 1.0
750 1101 1.0
750 756 1.0
750 76 1.0
750 164 1.0
750 1152 1.0
750 266 1.0
750 1039 1.0
750 57 1.0
750 1130 1.0
750 512 1.0
750 132 1.0
750 168 1.0
750 559 1.0
750 199 1.0
750 758 1.0
750 753 1.0
750 700 1.0
750 434 1.0
750 745 1.0
750 698 1.0
750 1234 1.0
750 1055 1.0
750 901 1.0
750 864 1.0
750 708 1.0
750 732 1.0
750 589 1.0
750 437 1.0
750 771 1.0
750 1069 1.0
750 1236 1.0
750 731 1.0
750 754 1.0
750 10 1.0
750 1214 1.0
750 122 1.0
750 751 1.0
753 122 1.0
753 1103 1.0
753 581 1.0
753 427 1.0
753 428 1.0
753 454 1.0
753 957 1.0
753 759 1.0
753 423 1.0
753 108 1.0
753 1061 1.0
753 602 1.0
753 1110 1.0
753 682 1.0
753 731 1.0
753 1130 1.0
753 698 1.0
753 999 1.0
754 427 1.0
757 523 1.0
757 847 1.0
757 1129 1.0
757 1114 1.0
757 167 1.0
757 1213 1.0
757 676 1.0
757 367 1.0
757 1252 1.0
757 795 1.0
757 786 1.0
757 317 1.0
758 1098 1.0
759 396 1.0
759 423 1.0
759 454 1.0
759 259 1.0
759 581 1.0
759 1061 1.0
762 780 1.0
762 1091 1.0
762 487 1.0
762 713 1.0
762 857 1.0
763 816 1.0
763 1153 1.0
765 1167 1.0
765 766 1.0
766 765 1.0
766 433 1.0
766 179 1.0
766 1010 1.0
766 336 1.0
766 850 1.0
766 834 1.0
766 832 1.0
766 838 1.0
766 837 1.0
766 791 1.0
766 833 1.0
766 805 1.0
766 1167 1.0
767 433 1.0
767 1176 1.0
767 1175 1.0
767 958 1.0
767 735 1.0
767 907 1.0
767 677 1.0
770 235 1.0
770 224 1.0
770 1185 1.0
770 848 1.0
770 489 1.0
770 852 1.0
770 246 1.0
770 1086 1.0
770 874 1.0
770 217 1.0
770 1208 1.0
770 342 1.0
770 1162 1.0
770 974 1.0
770 1052 1.0
770 1188 1.0
770 1229 1.0
770 237 1.0
771 745 1.0
771 1055 1.0
771 939 1.0
771 199 1.0
772 816 1.0
772 817 1.0
772 762 1.0
772 1117 1.0
772 713 1.0
772 819 1.0
772 988 1.0
772 167 1.0
772 324 1.0
772 928 1.0
772 856 1.0
773 206 1.0
774 916 1.0
774 328 1.0
777 780 1.0
777 761 1.0
777 1094 1.0
777 816 1.0
778 733 1.0
778 351 1.0
778 1226 1.0
778 360 1.0
778 162 1.0
778 992 1.0
778 735 1.0
778 163 1.0
778 181 1.0
779 365 1.0
779 812 1.0
779 1235 1.0
780 1091 1.0
780 762 1.0
780 673 1.0
780 487 1.0
782 57 1.0
782 1061 1.0
783 278 1.0
783 545 1.0
783 152 1.0
783 1175 1.0
783 1253 1.0
783 1179 1.0
783 1176 1.0
783 1154 1.0
783 1165 1.0
783 805 1.0
784 308 1.0
784 152 1.0
784 516 1.0
784 701 1.0
784 690 1.0
784 245 1.0
784 704 1.0
784 656 1.0
784 523 1.0
784 434 1.0
784 1239 1.0
784 1165 1.0
784 149 1.0
784 1179 1.0
784 561 1.0
784 235 1.0
784 1185 1.0
784 1253 1.0
784 1175 1.0
785 870 1.0
786 1270 1.0
786 676 1.0
786 681 1.0
786 1172 1.0
786 904 1.0
786 1252 1.0
786 167 1.0
786 1114 1.0
786 523 1.0
786 367 1.0
786 354 1.0
786 517 1.0
786 882 1.0
786 851 1.0
786 1137 1.0
786 132 1.0
786 1129 1.0
790 673 1.0
796 595 1.0
796 1213 1.0
796 988 1.0
796 1114 1.0
796 167 1.0
796 461 1.0
797 5 1.0
797 773 1.0
797 407 1.0
797 800 1.0
797 808 1.0
798 280 1.0
799 1062 1.0
799 417 1.0
799 145 1.0
799 670 1.0
799 148 1.0
799 206 1.0
799 178 1.0
799 298 1.0
799 1047 1.0
799 1272 1.0
799 1011 1.0
799 801 1.0
799 407 1.0
799 800 1.0
799 797 1.0
799 202 1.0
799 808 1.0
799 142 1.0
802 716 1.0
802 1137 1.0
802 167 1.0
802 488 1.0
802 554 1.0
802 272 1.0
804 354 1.0
804 390 1.0
804 848 1.0
804 1158 1.0
804 814 1.0
804 213 1.0
805 562 1.0
809 354 1.0
810 348 1.0
810 854 1.0
810 842 1.0
810 1279 1.0
810 116 1.0
810 1187 1.0
810 1188 1.0
810 81 1.0
810 224 1.0
810 1086 1.0
810 84 1.0
810 289 1.0
810 1144 1.0
810 1052 1.0
810 1140 1.0
810 1185 1.0
810 1160 1.0
810 1229 1.0
810 1162 1.0
810 1002 1.0
810 246 1.0
810 872 1.0
810 852 1.0
810 1202 1.0
810 1186 1.0
810 824 1.0
810 220 1.0
810 874 1.0
810 281 1.0
810 461 1.0
810 354 1.0
810 0 1.0
810 1283 1.0
810 974 1.0
811 990 1.0
811 1088 1.0
811 345 1.0
811 1265 1.0
811 609 1.0
811 38 1.0
811 630 1.0
811 363 1.0
811 869 1.0
811 448 1.0
811 585 1.0
811 351 1.0
811 410 1.0
811 950 1.0
811 736 1.0
811 1175 1.0
811 141 1.0
811 691 1.0
811 568 1.0
811 388 1.0
811 252 1.0
812 967 1.0
813 943 1.0
813 568 1.0
813 408 1.0
813 179 1.0
813 327 1.0
813 331 1.0
813 335 1.0
814 1274 1.0
814 1042 1.0
814 284 1.0
814 1158 1.0
814 680 1.0
814 848 1.0
814 424 1.0
814 1256 1.0
814 618 1.0
814 1060 1.0
814 612 1.0
814 969 1.0
814 322 1.0
814 369 1.0
816 349 1.0
816 997 1.0
816 772 1.0
816 1065 1.0
816 818 1.0
816 819 1.0
816 928 1.0
816 817 1.0
816 461 1.0
816 1153 1.0
816 777 1.0
816 903 1.0
816 865 1.0
816 823 1.0
816 392 1.0
816 855 1.0
816 723 1.0
816 545 1.0
816 403 1.0
816 761 1.0
816 724 1.0
816 168 1.0
816 1193 1.0
817 816 1.0
817 412 1.0
817 822 1.0
817 348 1.0
817 1091 1.0
817 819 1.0
817 1065 1.0
817 772 1.0
817 1184 1.0
817 997 1.0
817 317 1.0
818 903 1.0
818 816 1.0
818 865 1.0
818 461 1.0
818 1072 1.0
819 780 1.0
819 816 1.0
819 903 1.0
819 541 1.0
819 476 1.0
819 1065 1.0
819 817 1.0
819 1093 1.0
819 1094 1.0
819 777 1.0
819 880 1.0
819 1193 1.0
819 317 1.0
819 997 1.0
819 403 1.0
819 928 1.0
819 461 1.0
819 865 1.0
819 442 1.0
819 1120 1.0
819 1100 1.0
819 208 1.0
819 780 1.0
819 816 1.0
819 903 1.0
819 541 1.0
819 476 1.0
819 1065 1.0
819 817 1.0
819 1093 1.0
819 1094 1.0
819 777 1.0
819 880 1.0
819 1193 1.0
819 317 1.0
819 997 1.0
819 403 1.0
819 928 1.0
819 461 1.0
819 865 1.0
819 442 1.0
819 1120 1.0
819 1100 1.0
819 208 1.0
821 1158 1.0
823 1091 1.0
823 487 1.0
823 889 1.0
823 228 1.0
824 1175 1.0
824 874 1.0
826 527 1.0
829 830 1.0
830 862 1.0
830 546 1.0
830 625 1.0
830 405 1.0
830 1233 1.0
830 809 1.0
830 260 1.0
830 440 1.0
830 595 1.0
830 335 1.0
830 74 1.0
830 1121 1.0
831 805 1.0
831 835 1.0
831 791 1.0
831 834 1.0
831 832 1.0
832 834 1.0
834 335 1.0
834 832 1.0
836 163 1.0
836 111 1.0
836 161 1.0
836 735 1.0
836 971 1.0
837 805 1.0
837 327 1.0
837 907 1.0
837 335 1.0
837 179 1.0
838 161 1.0
838 549 1.0
838 335 1.0
838 805 1.0
838 1026 1.0
838 508 1.0
838 465 1.0
838 849 1.0
838 1241 1.0
838 519 1.0
839 397 1.0
839 457 1.0
839 416 1.0
840 498 1.0
844 105 1.0
844 1176 1.0
844 1179 1.0
844 1175 1.0
844 1159 1.0
844 545 1.0
845 634 1.0
846 926 1.0
847 134 1.0
847 1053 1.0
847 1209 1.0
847 367 1.0
847 815 1.0
847 851 1.0
847 1106 1.0
847 681 1.0
847 1114 1.0
847 1137 1.0
847 977 1.0
847 1041 1.0
847 1007 1.0
847 935 1.0
847 882 1.0
847 728 1.0
847 683 1.0
847 95 1.0
847 194 1.0
847 1148 1.0
847 1172 1.0
847 1252 1.0
847 523 1.0
847 786 1.0
847 510 1.0
847 676 1.0
848 461 1.0
848 1038 1.0
848 348 1.0
849 245 1.0
849 405 1.0
849 8 1.0
849 805 1.0
849 278 1.0
849 704 1.0
849 516 1.0
849 152 1.0
849 1154 1.0
849 1239 1.0
849 38 1.0
849 461 1.0
849 609 1.0
849 252 1.0
849 626 1.0
849 1034 1.0
849 450 1.0
849 859 1.0
849 153 1.0
849 1222 1.0
849 1253 1.0
851 1270 1.0
851 595 1.0
851 1041 1.0
851 787 1.0
851 904 1.0
851 782 1.0
851 1213 1.0
851 348 1.0
851 167 1.0
851 1269 1.0
851 517 1.0
851 815 1.0
851 1114 1.0
851 367 1.0
851 1148 1.0
852 1229 1.0
852 1188 1.0
852 1185 1.0
852 84 1.0
852 681 1.0
852 1175 1.0
852 898 1.0
852 2 1.0
852 597 1.0
852 515 1.0
852 1208 1.0
852 1073 1.0
852 235 1.0
852 1253 1.0
852 1129 1.0
852 1086 1.0
852 935 1.0
852 1177 1.0
852 594 1.0
852 1186 1.0
853 676 1.0
854 1086 1.0
854 1052 1.0
854 1160 1.0
854 289 1.0
854 1202 1.0
854 1187 1.0
854 1140 1.0
854 1144 1.0
854 1141 1.0
854 1185 1.0
854 1002 1.0
854 852 1.0
854 872 1.0
854 84 1.0
854 81 1.0
854 824 1.0
854 35 1.0
854 1162 1.0
854 1188 1.0
854 1229 1.0
854 246 1.0
854 224 1.0
854 220 1.0
856 762 1.0
857 467 1.0
857 868 1.0
857 865 1.0
857 780 1.0
857 762 1.0
857 848 1.0
857 1091 1.0
858 232 1.0
858 359 1.0
858 150 1.0
858 1272 1.0
858 407 1.0
858 873 1.0
859 1175 1.0
859 245 1.0
861 208 1.0
861 965 1.0
861 1139 1.0
861 229 1.0
861 192 1.0
861 900 1.0
861 366 1.0
861 204 1.0
861 221 1.0
861 178 1.0
861 1183 1.0
861 1182 1.0
861 848 1.0
861 773 1.0
861 317 1.0
864 1069 1.0
864 745 1.0
864 523 1.0
864 427 1.0
864 750 1.0
864 416 1.0
864 399 1.0
864 1236 1.0
864 1234 1.0
864 1055 1.0
864 771 1.0
864 731 1.0
864 708 1.0
864 687 1.0
864 589 1.0
864 437 1.0
864 786 1.0
865 1128 1.0
865 780 1.0
865 41 1.0
865 1120 1.0
865 467 1.0
865 868 1.0
865 636 1.0
865 692 1.0
865 1258 1.0
865 1184 1.0
865 1100 1.0
865 723 1.0
865 873 1.0
865 1090 1.0
865 1153 1.0
865 1072 1.0
865 973 1.0
865 881 1.0
865 430 1.0
865 637 1.0
865 713 1.0
865 349 1.0
865 290 1.0
865 903 1.0
865 816 1.0
865 167 1.0
865 1137 1.0
865 461 1.0
865 762 1.0
865 1239 1.0
865 392 1.0
865 673 1.0
865 354 1.0
865 848 1.0
865 455 1.0
865 988 1.0
865 717 1.0
865 622 1.0
865 1122 1.0
867 229 1.0
869 733 1.0
869 364 1.0
869 1247 1.0
869 1265 1.0
869 181 1.0
869 524 1.0
869 111 1.0
869 568 1.0
869 453 1.0
871 489 1.0
873 390 1.0
873 167 1.0
873 1114 1.0
874 281 1.0
874 461 1.0
874 354 1.0
874 875 1.0
874 386 1.0
874 0 1.0
874 770 1.0
874 1283 1.0
874 224 1.0
874 213 1.0
874 248 1.0
874 243 1.0
874 655 1.0
874 842 1.0
874 235 1.0
874 390 1.0
874 903 1.0
874 470 1.0
874 424 1.0
874 848 1.0
875 874 1.0
875 281 1.0
875 461 1.0
875 354 1.0
876 192 1.0
876 229 1.0
877 96 1.0
878 424 1.0
878 1254 1.0
878 973 1.0
878 922 1.0
878 348 1.0
878 558 1.0
878 1273 1.0
879 225 1.0
880 762 1.0
880 412 1.0
880 487 1.0
880 1128 1.0
880 1184 1.0
880 816 1.0
881 412 1.0
881 772 1.0
881 903 1.0
881 467 1.0
881 868 1.0
881 1258 1.0
881 780 1.0
881 819 1.0
881 997 1.0
881 816 1.0
881 1153 1.0
881 1090 1.0
881 973 1.0
881 430 1.0
881 1193 1.0
881 94 1.0
881 526 1.0
881 1065 1.0
881 1091 1.0
881 392 1.0
881 487 1.0
881 475 1.0
881 855 1.0
881 763 1.0
881 1093 1.0
881 1128 1.0
881 865 1.0
882 1099 1.0
882 1041 1.0
882 1007 1.0
882 935 1.0
882 738 1.0
882 734 1.0
882 728 1.0
882 683 1.0
882 675 1.0
882 787 1.0
882 355 1.0
882 194 1.0
882 853 1.0
882 1133 1.0
882 904 1.0
882 523 1.0
882 976 1.0
882 1143 1.0
882 146 1.0
882 1153 1.0
882 973 1.0
882 1193 1.0
882 1184 1.0
882 1130 1.0
882 926 1.0
882 1216 1.0
882 540 1.0
882 1077 1.0
882 786 1.0
882 1147 1.0
882 1090 1.0
883 89 1.0
883 993 1.0
883 132 1.0
883 164 1.0
883 1061 1.0
883 473 1.0
883 440 1.0
883 1103 1.0
883 601 1.0
883 957 1.0
883 603 1.0
883 82 1.0
883 434 1.0
883 454 1.0
883 884 1.0
884 883 1.0
885 942 1.0
885 245 1.0
885 784 1.0
885 1176 1.0
886 489 1.0
886 1185 1.0
888 604 1.0
889 1091 1.0
890 387 1.0
890 131 1.0
890 1248 1.0
890 352 1.0
890 532 1.0
892 855 1.0
892 761 1.0
892 823 1.0
892 392 1.0
892 762 1.0
892 1091 1.0
894 85 1.0
895 599 1.0
895 419 1.0
895 1130 1.0
895 1104 1.0
895 1110 1.0
895 396 1.0
895 604 1.0
895 122 1.0
897 1052 1.0
897 1086 1.0
897 1160 1.0
897 289 1.0
897 235 1.0
897 874 1.0
897 810 1.0
897 1185 1.0
897 955 1.0
898 317 1.0
898 389 1.0
899 902 1.0
899 748 1.0
899 592 1.0
899 878 1.0
899 1273 1.0
899 906 1.0
899 964 1.0
899 482 1.0
899 691 1.0
899 348 1.0
900 1272 1.0
900 768 1.0
900 1047 1.0
901 753 1.0
901 709 1.0
901 750 1.0
901 745 1.0
901 434 1.0
902 899 1.0
902 511 1.0
902 558 1.0
902 878 1.0
903 461 1.0
903 1117 1.0
903 865 1.0
903 772 1.0
903 1065 1.0
903 392 1.0
903 390 1.0
903 873 1.0
903 816 1.0
903 909 1.0
903 470 1.0
903 168 1.0
903 761 1.0
903 600 1.0
903 880 1.0
903 1090 1.0
903 1153 1.0
903 1072 1.0
903 973 1.0
903 881 1.0
903 317 1.0
903 430 1.0
903 1193 1.0
903 496 1.0
904 681 1.0
904 1216 1.0
904 461 1.0
904 676 1.0
904 1213 1.0
904 1209 1.0
904 517 1.0
904 134 1.0
904 710 1.0
904 367 1.0
904 851 1.0
904 1172 1.0
904 1114 1.0
904 167 1.0
904 716 1.0
904 873 1.0
904 1137 1.0
904 988 1.0
904 1193 1.0
904 926 1.0
904 218 1.0
904 1153 1.0
904 1219 1.0
904 1180 1.0
904 1130 1.0
904 1157 1.0
904 1177 1.0
904 1154 1.0
904 1218 1.0
904 1185 1.0
904 430 1.0
904 1165 1.0
904 1252 1.0
904 882 1.0
904 1174 1.0
904 1270 1.0
904 1081 1.0
904 786 1.0
904 523 1.0
904 1148 1.0
904 1053 1.0
904 683 1.0
904 1113 1.0
904 540 1.0
904 424 1.0
904 757 1.0
904 1173 1.0
904 1101 1.0
904 273 1.0
904 1125 1.0
905 1282 1.0
905 1155 1.0
905 930 1.0
905 538 1.0
905 1148 1.0
905 1147 1.0
905 681 1.0
905 757 1.0
905 1082 1.0
905 848 1.0
905 354 1.0
905 909 1.0
905 187 1.0
905 85 1.0
905 894 1.0
906 964 1.0
906 558 1.0
906 592 1.0
906 899 1.0
906 1273 1.0
906 511 1.0
907 958 1.0
907 461 1.0
907 508 1.0
907 335 1.0
907 1192 1.0
907 320 1.0
907 465 1.0
907 735 1.0
907 1078 1.0
907 950 1.0
907 215 1.0
907 491 1.0
908 934 1.0
908 805 1.0
911 913 1.0
912 943 1.0
912 331 1.0
912 562 1.0
912 151 1.0
912 491 1.0
912 400 1.0
912 805 1.0
912 907 1.0
912 335 1.0
912 1030 1.0
912 735 1.0
913 911 1.0
913 785 1.0
913 870 1.0
913 589 1.0
913 901 1.0
913 687 1.0
913 1234 1.0
913 1236 1.0
913 864 1.0
913 437 1.0
913 731 1.0
913 1055 1.0
913 771 1.0
913 708 1.0
913 843 1.0
913 584 1.0
913 165 1.0
913 827 1.0
914 335 1.0
914 950 1.0
914 943 1.0
914 1175 1.0
914 1159 1.0
914 677 1.0
914 179 1.0
915 648 1.0
915 1222 1.0
915 361 1.0
915 1179 1.0
915 1175 1.0
915 545 1.0
915 1159 1.0
915 1176 1.0
915 547 1.0
915 241 1.0
916 215 1.0
916 405 1.0
916 328 1.0
916 744 1.0
916 315 1.0
916 127 1.0
916 164 1.0
916 302 1.0
916 595 1.0
916 305 1.0
916 335 1.0
916 907 1.0
916 491 1.0
916 1238 1.0
916 306 1.0
916 279 1.0
916 522 1.0
916 173 1.0
916 311 1.0
918 894 1.0
919 155 1.0
919 1169 1.0
919 348 1.0
919 663 1.0
921 146 1.0
921 1215 1.0
921 1205 1.0
921 1190 1.0
921 1189 1.0
921 1169 1.0
921 948 1.0
921 905 1.0
921 937 1.0
921 926 1.0
921 155 1.0
921 13 1.0
921 1253 1.0
921 1180 1.0
921 1148 1.0
922 1254 1.0
922 675 1.0
922 681 1.0
923 625 1.0
923 828 1.0
923 830 1.0
923 498 1.0
923 827 1.0
924 909 1.0
924 85 1.0
925 1071 1.0
925 345 1.0
925 131 1.0
925 1248 1.0
925 335 1.0
925 1159 1.0
925 1175 1.0
925 992 1.0
926 1157 1.0
926 1148 1.0
926 211 1.0
926 1151 1.0
926 894 1.0
926 1185 1.0
926 1253 1.0
926 501 1.0
926 390 1.0
926 860 1.0
926 904 1.0
926 1155 1.0
926 1154 1.0
926 461 1.0
927 898 1.0
927 213 1.0
927 317 1.0
927 461 1.0
927 975 1.0
927 1162 1.0
927 4 1.0
927 872 1.0
927 874 1.0
927 1202 1.0
927 955 1.0
927 235 1.0
929 1086 1.0
929 852 1.0
929 235 1.0
929 874 1.0
932 568 1.0
933 805 1.0
935 1209 1.0
935 1041 1.0
935 1099 1.0
935 1148 1.0
935 882 1.0
935 1252 1.0
935 1139 1.0
935 95 1.0
935 1153 1.0
935 1193 1.0
935 1184 1.0
935 1188 1.0
935 595 1.0
935 847 1.0
935 523 1.0
935 794 1.0
935 786 1.0
935 1216 1.0
935 734 1.0
935 1077 1.0
935 716 1.0
936 894 1.0
936 506 1.0
936 651 1.0
936 887 1.0
937 1169 1.0
938 789 1.0
938 557 1.0
940 630 1.0
940 393 1.0
941 1109 1.0
943 331 1.0
943 334 1.0
943 335 1.0
943 907 1.0
943 297 1.0
943 985 1.0
943 914 1.0
943 61 1.0
943 179 1.0
943 1175 1.0
943 677 1.0
943 479 1.0
943 327 1.0
943 549 1.0
943 931 1.0
944 1176 1.0
945 936 1.0
945 146 1.0
945 1205 1.0
945 1262 1.0
945 1190 1.0
945 948 1.0
945 921 1.0
945 218 1.0
948 504 1.0
948 647 1.0
948 1041 1.0
948 853 1.0
950 410 1.0
950 1032 1.0
950 691 1.0
950 461 1.0
950 1253 1.0
950 1159 1.0
950 411 1.0
952 1177 1.0
952 503 1.0
952 1207 1.0
952 504 1.0
952 499 1.0
952 719 1.0
952 190 1.0
954 163 1.0
957 186 1.0
957 396 1.0
957 416 1.0
957 581 1.0
957 1061 1.0
957 370 1.0
957 427 1.0
957 599 1.0
957 709 1.0
957 635 1.0
957 684 1.0
959 354 1.0
959 894 1.0
959 390 1.0
959 455 1.0
959 848 1.0
959 211 1.0
961 429 1.0
961 1158 1.0
962 648 1.0
962 716 1.0
963 677 1.0
963 1179 1.0
963 1159 1.0
963 1175 1.0
963 545 1.0
963 278 1.0
963 767 1.0
963 914 1.0
963 580 1.0
964 1273 1.0
964 906 1.0
964 558 1.0
964 899 1.0
965 1047 1.0
965 221 1.0
965 1011 1.0
965 1272 1.0
965 900 1.0
965 1183 1.0
965 154 1.0
965 280 1.0
965 407 1.0
966 965 1.0
970 1206 1.0
970 894 1.0
970 1207 1.0
970 1143 1.0
970 390 1.0
971 119 1.0
971 300 1.0
971 1192 1.0
971 1154 1.0
971 335 1.0
971 99 1.0
971 549 1.0
971 109 1.0
971 983 1.0
972 325 1.0
972 1190 1.0
972 926 1.0
972 1215 1.0
972 909 1.0
972 1189 1.0
972 976 1.0
972 323 1.0
973 816 1.0
973 723 1.0
973 412 1.0
974 213 1.0
974 246 1.0
974 342 1.0
974 1181 1.0
974 218 1.0
974 1130 1.0
974 874 1.0
974 1189 1.0
975 235 1.0
975 213 1.0
975 793 1.0
975 810 1.0
975 854 1.0
975 1208 1.0
975 35 1.0
975 643 1.0
975 386 1.0
975 665 1.0
975 239 1.0
975 288 1.0
975 770 1.0
975 1140 1.0
975 874 1.0
977 948 1.0
977 937 1.0
977 523 1.0
977 1129 1.0
977 1216 1.0
977 1041 1.0
977 847 1.0
977 1136 1.0
977 1172 1.0
977 1114 1.0
977 675 1.0
977 134 1.0
978 503 1.0
980 1007 1.0
981 1104 1.0
981 419 1.0
981 599 1.0
981 705 1.0
981 122 1.0
981 750 1.0
981 702 1.0
983 1030 1.0
983 313 1.0
983 971 1.0
983 327 1.0
983 549 1.0
983 109 1.0
983 1009 1.0
983 907 1.0
983 335 1.0
983 778 1.0
983 320 1.0
983 1252 1.0
983 805 1.0
983 188 1.0
983 1199 1.0
983 1033 1.0
984 461 1.0
984 735 1.0
984 568 1.0
985 179 1.0
985 524 1.0
985 302 1.0
985 491 1.0
985 508 1.0
985 958 1.0
985 335 1.0
985 943 1.0
985 331 1.0
986 421 1.0
987 245 1.0
987 1175 1.0
987 201 1.0
987 48 1.0
987 105 1.0
987 988 1.0
987 361 1.0
987 34 1.0
987 545 1.0
987 207 1.0
987 461 1.0
987 659 1.0
987 998 1.0
987 494 1.0
987 240 1.0
987 241 1.0
987 963 1.0
987 140 1.0
987 1179 1.0
987 979 1.0
987 942 1.0
987 516 1.0
987 704 1.0
987 152 1.0
987 701 1.0
987 849 1.0
987 784 1.0
987 308 1.0
987 690 1.0
987 231 1.0
987 159 1.0
987 227 1.0
987 136 1.0
987 249 1.0
987 1253 1.0
987 1166 1.0
987 1156 1.0
987 1159 1.0
987 78 1.0
987 357 1.0
987 717 1.0
987 548 1.0
987 543 1.0
987 538 1.0
987 354 1.0
987 39 1.0
987 530 1.0
987 1244 1.0
987 638 1.0
987 674 1.0
987 40 1.0
987 309 1.0
987 807 1.0
987 410 1.0
987 1222 1.0
987 648 1.0
987 672 1.0
987 38 1.0
987 252 1.0
987 360 1.0
987 292 1.0
987 285 1.0
987 455 1.0
987 8 1.0
987 149 1.0
987 264 1.0
987 1239 1.0
987 435 1.0
987 1037 1.0
987 316 1.0
987 520 1.0
987 662 1.0
987 685 1.0
987 720 1.0
987 449 1.0
987 286 1.0
987 859 1.0
987 542 1.0
987 1165 1.0
987 1154 1.0
987 848 1.0
987 580 1.0
987 677 1.0
987 990 1.0
987 1176 1.0
987 278 1.0
987 118 1.0
987 338 1.0
987 1243 1.0
987 375 1.0
987 727 1.0
987 1242 1.0
987 1231 1.0
987 626 1.0
987 622 1.0
987 314 1.0
987 844 1.0
987 12 1.0
988 1252 1.0
988 367 1.0
988 1137 1.0
988 1114 1.0
988 167 1.0
988 1127 1.0
988 1223 1.0
988 468 1.0
988 1139 1.0
988 1116 1.0
988 1209 1.0
988 1081 1.0
988 1270 1.0
988 851 1.0
988 794 1.0
988 786 1.0
988 722 1.0
988 710 1.0
988 716 1.0
988 523 1.0
988 510 1.0
988 554 1.0
988 488 1.0
988 272 1.0
988 540 1.0
988 1077 1.0
988 36 1.0
988 796 1.0
988 273 1.0
988 134 1.0
988 1216 1.0
988 1213 1.0
988 1136 1.0
988 1106 1.0
988 1148 1.0
988 1097 1.0
988 904 1.0
988 757 1.0
988 1172 1.0
988 681 1.0
988 676 1.0
988 461 1.0
989 1253 1.0
989 1166 1.0
990 38 1.0
990 448 1.0
990 811 1.0
990 1088 1.0
990 609 1.0
990 1175 1.0
990 545 1.0
991 1227 1.0
992 778 1.0
992 661 1.0
992 954 1.0
994 599 1.0
995 1110 1.0
995 1043 1.0
995 370 1.0
995 427 1.0
995 999 1.0
995 443 1.0
995 428 1.0
995 199 1.0
995 745 1.0
995 843 1.0
995 901 1.0
995 601 1.0
995 132 1.0
995 437 1.0
996 1150 1.0
996 684 1.0
996 718 1.0
997 816 1.0
997 676 1.0
997 1153 1.0
997 973 1.0
997 881 1.0
997 430 1.0
997 1193 1.0
997 1065 1.0
997 819 1.0
997 403 1.0
997 903 1.0
997 904 1.0
997 855 1.0
997 823 1.0
997 761 1.0
999 759 1.0
999 957 1.0
999 427 1.0
999 581 1.0
999 454 1.0
999 259 1.0
999 1110 1.0
999 995 1.0
999 186 1.0
1000 348 1.0
1000 176 1.0
1000 1249 1.0
1000 717 1.0
1000 685 1.0
1000 1070 1.0
1000 1166 1.0
1000 720 1.0
1000 1154 1.0
1000 1200 1.0
1000 1253 1.0
1000 131 1.0
1000 615 1.0
1000 1175 1.0
1000 308 1.0
1000 511 1.0
1000 144 1.0
1000 193 1.0
1002 24 1.0
1002 874 1.0
1002 317 1.0
1002 1187 1.0
1002 1188 1.0
1002 224 1.0
1002 1086 1.0
1002 84 1.0
1002 289 1.0
1002 1144 1.0
1002 1052 1.0
1002 1140 1.0
1002 1185 1.0
1002 1229 1.0
1002 1162 1.0
1002 1160 1.0
1002 246 1.0
1002 872 1.0
1002 852 1.0
1002 1202 1.0
1002 854 1.0
1002 92 1.0
1002 0 1.0
1002 1283 1.0
1002 848 1.0
1002 354 1.0
1002 342 1.0
1003 720 1.0
1003 622 1.0
1003 1165 1.0
1003 118 1.0
1004 1005 1.0
1009 109 1.0
1009 18 1.0
1009 549 1.0
1009 1240 1.0
1009 455 1.0
1009 335 1.0
1009 971 1.0
1009 182 1.0
1010 805 1.0
1010 907 1.0
1010 465 1.0
1010 805 1.0
1010 907 1.0
1010 465 1.0
1011 23 1.0
1011 1024 1.0
1011 1022 1.0
1011 1015 1.0
1011 1021 1.0
1011 1020 1.0
1011 1019 1.0
1011 1018 1.0
1011 1017 1.0
1011 1016 1.0
1011 1014 1.0
1011 1013 1.0
1011 1012 1.0
1011 1025 1.0
1011 1023 1.0
1011 233 1.0
1011 80 1.0
1011 417 1.0
1011 652 1.0
1011 775 1.0
1011 909 1.0
1011 816 1.0
1011 235 1.0
1011 743 1.0
1011 848 1.0
1011 873 1.0
1011 858 1.0
1011 154 1.0
1011 68 1.0
1011 657 1.0
1012 1011 1.0
1013 1011 1.0
1014 1011 1.0
1015 1011 1.0
1016 1011 1.0
1017 1011 1.0
1018 1011 1.0
1019 1011 1.0
1020 1011 1.0
1021 1011 1.0
1022 1011 1.0
1023 1011 1.0
1024 1011 1.0
1025 1011 1.0
1026 508 1.0
1026 838 1.0
1026 334 1.0
1026 943 1.0
1026 331 1.0
1026 491 1.0
1026 907 1.0
1026 805 1.0
1026 335 1.0
1027 1028 1.0
1027 805 1.0
1027 869 1.0
1029 137 1.0
1029 873 1.0
1029 796 1.0
1030 313 1.0
1030 335 1.0
1030 805 1.0
1030 549 1.0
1030 320 1.0
1030 327 1.0
1030 907 1.0
1030 188 1.0
1030 219 1.0
1030 163 1.0
1030 465 1.0
1030 302 1.0
1030 850 1.0
1030 562 1.0
1030 334 1.0
1030 61 1.0
1030 983 1.0
1030 1192 1.0
1030 1241 1.0
1030 943 1.0
1030 297 1.0
1030 425 1.0
1030 830 1.0
1030 374 1.0
1031 245 1.0
1032 950 1.0
1032 410 1.0
1032 580 1.0
1033 1240 1.0
1033 534 1.0
1033 335 1.0
1033 549 1.0
1033 1241 1.0
1033 111 1.0
1033 983 1.0
1033 1030 1.0
1033 260 1.0
1033 580 1.0
1033 1008 1.0
1033 619 1.0
1033 161 1.0
1033 302 1.0
1033 508 1.0
1034 1166 1.0
1035 1231 1.0
1035 1154 1.0
1035 626 1.0
1035 1166 1.0
1036 405 1.0
1036 335 1.0
1036 830 1.0
1036 215 1.0
1037 662 1.0
1037 494 1.0
1037 1239 1.0
1037 245 1.0
1037 1175 1.0
1037 1253 1.0
1037 1176 1.0
1037 1165 1.0
1039 698 1.0
1039 745 1.0
1041 95 1.0
1041 1147 1.0
1041 1099 1.0
1041 1007 1.0
1041 935 1.0
1041 882 1.0
1041 787 1.0
1041 738 1.0
1041 734 1.0
1041 728 1.0
1041 355 1.0
1041 683 1.0
1041 675 1.0
1041 194 1.0
1041 1148 1.0
1041 1252 1.0
1041 1114 1.0
1041 1077 1.0
1043 399 1.0
1043 711 1.0
1043 473 1.0
1047 1271 1.0
1047 1272 1.0
1047 1089 1.0
1047 221 1.0
1047 1140 1.0
1047 768 1.0
1047 1011 1.0
1047 142 1.0
1047 407 1.0
1048 170 1.0
1048 519 1.0
1048 85 1.0
1049 607 1.0
1049 610 1.0
1049 841 1.0
1049 608 1.0
1050 1030 1.0
1053 787 1.0
1053 1137 1.0
1053 1209 1.0
1053 681 1.0
1053 676 1.0
1053 1106 1.0
1053 1213 1.0
1053 1097 1.0
1053 1114 1.0
1053 134 1.0
1053 757 1.0
1053 1216 1.0
1053 1148 1.0
1055 199 1.0
1055 771 1.0
1055 745 1.0
1056 386 1.0
1056 574 1.0
1056 60 1.0
1057 1058 1.0
1057 436 1.0
1057 874 1.0
1057 1279 1.0
1057 235 1.0
1058 1057 1.0
1058 436 1.0
1058 1279 1.0
1058 1185 1.0
1058 235 1.0
1059 1131 1.0
1059 397 1.0
1059 599 1.0
1060 814 1.0
1060 920 1.0
1061 396 1.0
1061 423 1.0
1061 454 1.0
1061 957 1.0
1061 164 1.0
1062 298 1.0
1062 234 1.0
1062 1183 1.0
1062 145 1.0
1062 206 1.0
1062 797 1.0
1065 819 1.0
1065 816 1.0
1065 762 1.0
1065 208 1.0
1065 1100 1.0
1065 1094 1.0
1065 1093 1.0
1066 235 1.0
1066 1188 1.0
1066 1202 1.0
1066 1185 1.0
1066 1086 1.0
1067 703 1.0
1067 1151 1.0
1067 155 1.0
1068 221 1.0
1069 434 1.0
1069 771 1.0
1069 1236 1.0
1069 687 1.0
1069 731 1.0
1069 864 1.0
1069 745 1.0
1070 1166 1.0
1070 1253 1.0
1070 1175 1.0
1070 1200 1.0
1070 455 1.0
1070 176 1.0
1070 1000 1.0
1070 556 1.0
1070 317 1.0
1070 615 1.0
1071 568 1.0
1071 352 1.0
1071 345 1.0
1071 131 1.0
1071 141 1.0
1072 880 1.0
1072 600 1.0
1072 881 1.0
1072 1153 1.0
1072 1090 1.0
1072 973 1.0
1072 1193 1.0
1072 430 1.0
1072 865 1.0
1072 903 1.0
1072 1128 1.0
1072 762 1.0
1072 761 1.0
1073 235 1.0
1074 1060 1.0
1074 814 1.0
1075 1274 1.0
1075 369 1.0
1075 814 1.0
1076 1060 1.0
1076 1158 1.0
1076 1001 1.0
1076 814 1.0
1076 296 1.0
1076 788 1.0
1076 421 1.0
1076 947 1.0
1076 776 1.0
1076 537 1.0
1076 495 1.0
1077 716 1.0
1077 1139 1.0
1077 468 1.0
1077 1081 1.0
1077 1270 1.0
1077 354 1.0
1077 348 1.0
1078 491 1.0
1079 535 1.0
1079 811 1.0
1079 630 1.0
1079 388 1.0
1079 393 1.0
1079 609 1.0
1079 1248 1.0
1079 111 1.0
1079 691 1.0
1079 548 1.0
1079 348 1.0
1079 914 1.0
1080 712 1.0
1080 335 1.0
1080 805 1.0
1081 1270 1.0
1081 523 1.0
1081 1252 1.0
1081 1209 1.0
1081 716 1.0
1081 1148 1.0
1081 488 1.0
1082 894 1.0
1082 909 1.0
1082 1282 1.0
1082 905 1.0
1082 628 1.0
1082 651 1.0
1083 1209 1.0
1083 1148 1.0
1083 681 1.0
1083 134 1.0
1083 676 1.0
1083 1127 1.0
1083 595 1.0
1083 167 1.0
1083 1137 1.0
1083 710 1.0
1083 517 1.0
1086 213 1.0
1086 1052 1.0
1086 1187 1.0
1086 1185 1.0
1086 872 1.0
1086 84 1.0
1086 1160 1.0
1086 1202 1.0
1086 1140 1.0
1086 852 1.0
1086 235 1.0
1086 1002 1.0
1086 220 1.0
1086 974 1.0
1086 824 1.0
1086 1144 1.0
1086 1188 1.0
1086 1229 1.0
1086 1162 1.0
1086 246 1.0
1086 289 1.0
1086 224 1.0
1086 854 1.0
1086 317 1.0
1086 680 1.0
1086 898 1.0
1087 169 1.0
1088 990 1.0
1088 609 1.0
1089 221 1.0
1089 1272 1.0
1089 1047 1.0
1089 1140 1.0
1089 204 1.0
1089 221 1.0
1089 1272 1.0
1089 1047 1.0
1089 1140 1.0
1089 204 1.0
1090 816 1.0
1090 772 1.0
1090 823 1.0
1090 762 1.0
1090 1120 1.0
1090 903 1.0
1091 487 1.0
1091 762 1.0
1091 761 1.0
1091 780 1.0
1091 823 1.0
1091 822 1.0
1091 392 1.0
1091 1093 1.0
1091 348 1.0
1091 481 1.0
1091 997 1.0
1091 772 1.0
1091 130 1.0
1092 761 1.0
1093 339 1.0
1095 1115 1.0
1095 785 1.0
1095 986 1.0
1095 382 1.0
1095 1235 1.0
1096 848 1.0
1096 873 1.0
1096 470 1.0
1096 461 1.0
1096 559 1.0
1096 1119 1.0
1097 1136 1.0
1097 904 1.0
1097 1209 1.0
1097 1114 1.0
1097 167 1.0
1097 988 1.0
1097 1040 1.0
1097 681 1.0
1098 758 1.0
1098 1110 1.0
1099 1155 1.0
1099 970 1.0
1099 146 1.0
1099 930 1.0
1099 1209 1.0
1099 675 1.0
1099 1148 1.0
1099 935 1.0
1099 1114 1.0
1099 1007 1.0
1099 1041 1.0
1099 367 1.0
1099 95 1.0
1100 1153 1.0
1100 880 1.0
1100 1065 1.0
1100 430 1.0
1100 1193 1.0
1100 1184 1.0
1100 903 1.0
1100 761 1.0
1100 58 1.0
1102 380 1.0
1102 1255 1.0
1102 674 1.0
1103 399 1.0
1103 599 1.0
1103 601 1.0
1103 689 1.0
1103 454 1.0
1104 196 1.0
1104 512 1.0
1104 1130 1.0
1104 599 1.0
1104 883 1.0
1104 132 1.0
1104 398 1.0
1104 957 1.0
1104 399 1.0
1104 164 1.0
1104 750 1.0
1104 46 1.0
1104 601 1.0
1104 1131 1.0
1104 595 1.0
1104 186 1.0
1104 1103 1.0
1104 440 1.0
1104 447 1.0
1104 419 1.0
1104 895 1.0
1105 399 1.0
1106 1097 1.0
1106 1053 1.0
1106 1216 1.0
1106 1114 1.0
1106 1040 1.0
1106 1209 1.0
1106 167 1.0
1107 1238 1.0
1107 907 1.0
1107 742 1.0
1107 596 1.0
1107 595 1.0
1107 923 1.0
1107 492 1.0
1107 465 1.0
1107 335 1.0
1107 305 1.0
1107 173 1.0
1107 127 1.0
1107 279 1.0
1107 522 1.0
1107 175 1.0
1107 302 1.0
1107 297 1.0
1107 164 1.0
1107 215 1.0
1107 405 1.0
1107 1254 1.0
1107 877 1.0
1110 750 1.0
1110 370 1.0
1110 995 1.0
1110 999 1.0
1110 427 1.0
1110 581 1.0
1110 698 1.0
1110 428 1.0
1110 122 1.0
1110 1101 1.0
1110 76 1.0
1110 756 1.0
1110 414 1.0
1110 754 1.0
1110 431 1.0
1110 895 1.0
1110 957 1.0
1110 454 1.0
1110 1257 1.0
1110 753 1.0
1110 259 1.0
1110 839 1.0
1110 1069 1.0
1110 164 1.0
1110 682 1.0
1110 699 1.0
1110 745 1.0
1110 589 1.0
1111 895 1.0
1111 957 1.0
1111 423 1.0
1111 599 1.0
1111 186 1.0
1111 759 1.0
1111 399 1.0
1111 454 1.0
1111 457 1.0
1111 1104 1.0
1111 904 1.0
1111 981 1.0
1112 121 1.0
1114 167 1.0
1114 1137 1.0
1114 796 1.0
1114 988 1.0
1114 354 1.0
1114 1139 1.0
1114 1252 1.0
1114 1148 1.0
1114 1041 1.0
1114 554 1.0
1114 468 1.0
1114 273 1.0
1114 272 1.0
1114 853 1.0
1114 882 1.0
1114 935 1.0
1114 194 1.0
1114 787 1.0
1114 1223 1.0
1114 1081 1.0
1114 1270 1.0
1114 851 1.0
1114 794 1.0
1114 786 1.0
1114 523 1.0
1114 134 1.0
1114 1213 1.0
1114 1106 1.0
1114 1209 1.0
1114 1053 1.0
1114 904 1.0
1114 757 1.0
1114 1172 1.0
1114 681 1.0
1114 676 1.0
1114 1099 1.0
1115 1095 1.0
1116 1137 1.0
1116 272 1.0
1116 1127 1.0
1116 554 1.0
1116 468 1.0
1116 540 1.0
1116 1209 1.0
1116 904 1.0
1116 988 1.0
1116 1083 1.0
1116 348 1.0
1117 816 1.0
1117 324 1.0
1118 396 1.0
1119 559 1.0
1119 632 1.0
1120 487 1.0
1120 865 1.0
1120 723 1.0
1122 673 1.0
1122 865 1.0
1124 899 1.0
1125 1270 1.0
1125 1137 1.0
1125 1081 1.0
1125 523 1.0
1125 217 1.0
1125 595 1.0
1125 273 1.0
1126 302 1.0
1126 300 1.0
1126 1237 1.0
1126 195 1.0
1127 988 1.0
1127 517 1.0
1127 1116 1.0
1127 518 1.0
1127 1137 1.0
1128 723 1.0
1128 41 1.0
1128 997 1.0
1128 1153 1.0
1128 424 1.0
1128 1093 1.0
1128 1091 1.0
1128 857 1.0
1128 780 1.0
1128 762 1.0
1128 487 1.0
1128 47 1.0
1128 1090 1.0
1128 973 1.0
1129 681 1.0
1129 523 1.0
1129 1148 1.0
1129 167 1.0
1129 134 1.0
1129 1216 1.0
1129 1106 1.0
1129 1209 1.0
1129 1097 1.0
1129 757 1.0
1129 726 1.0
1129 676 1.0
1129 796 1.0
1129 1114 1.0
1129 1252 1.0
1129 1159 1.0
1129 720 1.0
1129 540 1.0
1129 1213 1.0
1129 988 1.0
1129 904 1.0
1129 710 1.0
1129 595 1.0
1130 599 1.0
1130 681 1.0
1130 1209 1.0
1131 420 1.0
1132 348 1.0
1133 523 1.0
1134 991 1.0
1134 625 1.0
1134 112 1.0
1134 668 1.0
1134 1109 1.0
1134 827 1.0
1134 566 1.0
1134 461 1.0
1134 584 1.0
1134 463 1.0
1134 383 1.0
1134 913 1.0
1134 401 1.0
1134 1064 1.0
1134 337 1.0
1134 660 1.0
1134 873 1.0
1134 405 1.0
1134 828 1.0
1134 934 1.0
1134 297 1.0
1134 27 1.0
1134 809 1.0
1134 1238 1.0
1134 334 1.0
1134 1036 1.0
1134 830 1.0
1134 335 1.0
1134 595 1.0
1134 478 1.0
1134 840 1.0
1134 769 1.0
1134 491 1.0
1134 916 1.0
1134 498 1.0
1134 260 1.0
1134 197 1.0
1134 829 1.0
1134 642 1.0
1134 546 1.0
1134 1121 1.0
1134 923 1.0
1134 215 1.0
1135 1181 1.0
1135 860 1.0
1137 595 1.0
1137 367 1.0
1137 786 1.0
1137 167 1.0
1137 1114 1.0
1137 1209 1.0
1137 1213 1.0
1137 1127 1.0
1137 681 1.0
1137 1216 1.0
1138 475 1.0
1139 1252 1.0
1139 167 1.0
1139 1270 1.0
1139 1209 1.0
1139 1137 1.0
1139 1172 1.0
1139 1114 1.0
1139 523 1.0
1139 461 1.0
1139 716 1.0
1139 1077 1.0
1139 1213 1.0
1139 488 1.0
1139 794 1.0
1139 1081 1.0
1139 1148 1.0
1139 681 1.0
1142 894 1.0
1142 461 1.0
1142 860 1.0
1143 623 1.0
1144 213 1.0
1144 342 1.0
1144 1186 1.0
1144 1184 1.0
1144 905 1.0
1144 1148 1.0
1144 1177 1.0
1144 92 1.0
1144 246 1.0
1144 874 1.0
1144 1086 1.0
1144 224 1.0
1144 1187 1.0
1144 1140 1.0
1144 824 1.0
1144 1188 1.0
1144 1162 1.0
1144 84 1.0
1144 1160 1.0
1144 1202 1.0
1144 852 1.0
1144 1185 1.0
1144 1002 1.0
1144 24 1.0
1144 1052 1.0
1144 35 1.0
1144 1141 1.0
1144 1197 1.0
1145 399 1.0
1145 168 1.0
1145 1152 1.0
1145 689 1.0
1145 1225 1.0
1145 396 1.0
1145 454 1.0
1145 759 1.0
1145 423 1.0
1146 1216 1.0
1146 716 1.0
1146 1125 1.0
1146 554 1.0
1146 488 1.0
1147 1270 1.0
1147 523 1.0
1147 1136 1.0
1147 1213 1.0
1147 1040 1.0
1147 134 1.0
1147 1083 1.0
1147 517 1.0
1148 1209 1.0
1148 461 1.0
1148 1081 1.0
1148 367 1.0
1148 988 1.0
1148 1270 1.0
1148 1077 1.0
1148 935 1.0
1148 847 1.0
1150 423 1.0
1152 399 1.0
1152 555 1.0
1152 559 1.0
1152 266 1.0
1152 470 1.0
1153 487 1.0
1153 816 1.0
1153 403 1.0
1153 772 1.0
1153 412 1.0
1153 41 1.0
1153 714 1.0
1153 1038 1.0
1153 865 1.0
1153 350 1.0
1153 1128 1.0
1153 1091 1.0
1154 620 1.0
1154 1166 1.0
1154 696 1.0
1154 461 1.0
1154 739 1.0
1154 419 1.0
1154 1156 1.0
1154 245 1.0
1154 1243 1.0
1154 1253 1.0
1154 685 1.0
1154 672 1.0
1154 989 1.0
1154 1261 1.0
1154 556 1.0
1154 626 1.0
1154 987 1.0
1154 1250 1.0
1154 1037 1.0
1154 1239 1.0
1154 1231 1.0
1154 530 1.0
1154 848 1.0
1154 674 1.0
1154 354 1.0
1154 48 1.0
1154 1035 1.0
1154 258 1.0
1154 720 1.0
1155 744 1.0
1158 949 1.0
1158 804 1.0
1158 200 1.0
1158 611 1.0
1158 429 1.0
1158 421 1.0
1158 788 1.0
1158 947 1.0
1158 776 1.0
1158 644 1.0
1159 548 1.0
1159 545 1.0
1159 543 1.0
1159 1037 1.0
1159 1176 1.0
1159 720 1.0
1159 338 1.0
1159 314 1.0
1159 309 1.0
1159 316 1.0
1159 361 1.0
1159 1175 1.0
1159 372 1.0
1159 1165 1.0
1159 1281 1.0
1159 659 1.0
1159 690 1.0
1159 231 1.0
1159 848 1.0
1159 105 1.0
1159 245 1.0
1159 1179 1.0
1159 542 1.0
1159 914 1.0
1159 34 1.0
1159 141 1.0
1159 987 1.0
1159 990 1.0
1159 201 1.0
1159 764 1.0
1159 869 1.0
1159 38 1.0
1159 163 1.0
1159 844 1.0
1160 1052 1.0
1160 1187 1.0
1160 852 1.0
1160 1140 1.0
1160 872 1.0
1160 1202 1.0
1160 1185 1.0
1160 1186 1.0
1160 1002 1.0
1160 220 1.0
1160 824 1.0
1160 1144 1.0
1160 1188 1.0
1160 1229 1.0
1160 1162 1.0
1160 289 1.0
1160 246 1.0
1160 1086 1.0
1160 224 1.0
1160 905 1.0
1160 1180 1.0
1160 1176 1.0
1160 1175 1.0
1160 485 1.0
1160 1141 1.0
1160 235 1.0
1160 1253 1.0
1161 1193 1.0
1162 146 1.0
1162 0 1.0
1162 874 1.0
1162 1229 1.0
1162 1202 1.0
1162 92 1.0
1162 927 1.0
1162 235 1.0
1162 854 1.0
1162 224 1.0
1162 1186 1.0
1162 1185 1.0
1163 651 1.0
1163 909 1.0
1163 894 1.0
1163 461 1.0
1163 548 1.0
1163 1166 1.0
1163 959 1.0
1163 926 1.0
1164 774 1.0
1165 1261 1.0
1165 245 1.0
1165 1166 1.0
1165 717 1.0
1165 1154 1.0
1165 720 1.0
1165 231 1.0
1165 1250 1.0
1165 1243 1.0
1165 1253 1.0
1165 461 1.0
1165 848 1.0
1165 626 1.0
1165 1231 1.0
1165 622 1.0
1165 672 1.0
1165 131 1.0
1165 674 1.0
1165 1037 1.0
1165 136 1.0
1165 530 1.0
1165 727 1.0
1165 690 1.0
1165 435 1.0
1165 1260 1.0
1165 75 1.0
1165 873 1.0
1165 212 1.0
1166 930 1.0
1166 1243 1.0
1166 1034 1.0
1166 538 1.0
1166 717 1.0
1166 727 1.0
1166 461 1.0
1166 674 1.0
1166 848 1.0
1166 245 1.0
1166 231 1.0
1166 720 1.0
1166 672 1.0
1166 352 1.0
1166 131 1.0
1166 686 1.0
1166 989 1.0
1166 620 1.0
1166 1261 1.0
1166 1253 1.0
1166 690 1.0
1166 950 1.0
1166 1231 1.0
1167 765 1.0
1167 633 1.0
1167 766 1.0
1167 433 1.0
1167 735 1.0
1167 765 1.0
1167 633 1.0
1167 766 1.0
1167 433 1.0
1167 735 1.0
1169 514 1.0
1169 1177 1.0
1169 325 1.0
1169 909 1.0
1169 937 1.0
1169 189 1.0
1169 184 1.0
1169 155 1.0
1169 461 1.0
1169 848 1.0
1169 354 1.0
1169 987 1.0
1170 1142 1.0
1170 1282 1.0
1170 371 1.0
1170 134 1.0
1170 348 1.0
1170 909 1.0
1170 894 1.0
1170 184 1.0
1170 1205 1.0
1170 1218 1.0
1172 676 1.0
1172 167 1.0
1172 523 1.0
1172 681 1.0
1172 904 1.0
1172 1209 1.0
1172 1213 1.0
1172 847 1.0
1172 716 1.0
1172 786 1.0
1172 988 1.0
1172 367 1.0
1175 1253 1.0
1175 372 1.0
1175 942 1.0
1175 1179 1.0
1175 1176 1.0
1175 245 1.0
1175 609 1.0
1175 1239 1.0
1175 291 1.0
1175 691 1.0
1175 778 1.0
1175 736 1.0
1175 1215 1.0
1175 430 1.0
1175 1130 1.0
1175 1185 1.0
1175 738 1.0
1175 530 1.0
1175 681 1.0
1175 538 1.0
1175 767 1.0
1175 958 1.0
1175 735 1.0
1175 31 1.0
1175 105 1.0
1175 914 1.0
1175 786 1.0
1175 568 1.0
1175 1159 1.0
1175 34 1.0
1175 677 1.0
1175 361 1.0
1175 545 1.0
1175 720 1.0
1176 951 1.0
1176 105 1.0
1176 767 1.0
1177 952 1.0
1177 719 1.0
1177 503 1.0
1177 190 1.0
1177 978 1.0
1177 85 1.0
1177 191 1.0
1177 1215 1.0
1177 185 1.0
1177 1197 1.0
1177 976 1.0
1177 1190 1.0
1177 948 1.0
1177 1189 1.0
1177 905 1.0
1177 1169 1.0
1177 937 1.0
1177 189 1.0
1177 155 1.0
1177 1143 1.0
1177 1142 1.0
1177 1205 1.0
1177 146 1.0
1177 268 1.0
1177 926 1.0
1177 1262 1.0
1177 918 1.0
1177 1217 1.0
1177 909 1.0
1177 424 1.0
1177 873 1.0
1177 1178 1.0
1177 848 1.0
1177 1218 1.0
1177 894 1.0
1177 972 1.0
1177 936 1.0
1178 1177 1.0
1178 952 1.0
1178 719 1.0
1178 503 1.0
1179 547 1.0
1179 433 1.0
1179 410 1.0
1179 677 1.0
1179 1175 1.0
1179 361 1.0
1179 784 1.0
1179 1281 1.0
1179 372 1.0
1179 105 1.0
1179 538 1.0
1179 338 1.0
1179 1159 1.0
1179 245 1.0
1179 914 1.0
1179 545 1.0
1179 1030 1.0
1179 1176 1.0
1180 774 1.0
1181 341 1.0
1181 1135 1.0
1181 848 1.0
1181 894 1.0
1181 1205 1.0
1181 317 1.0
1181 1154 1.0
1181 973 1.0
1181 1172 1.0
1181 1159 1.0
1181 355 1.0
1181 676 1.0
1181 1209 1.0
1181 81 1.0
1181 1086 1.0
1181 757 1.0
1181 720 1.0
1181 663 1.0
1181 860 1.0
1181 85 1.0
1183 1182 1.0
1184 693 1.0
1184 1216 1.0
1184 1172 1.0
1184 45 1.0
1184 1130 1.0
1184 133 1.0
1184 816 1.0
1184 349 1.0
1184 935 1.0
1184 882 1.0
1184 904 1.0
1184 1191 1.0
1184 1215 1.0
1184 1180 1.0
1184 545 1.0
1184 543 1.0
1184 1165 1.0
1184 1166 1.0
1184 548 1.0
1184 1154 1.0
1184 191 1.0
1184 1158 1.0
1184 1144 1.0
1184 1128 1.0
1184 865 1.0
1184 720 1.0
1184 487 1.0
1184 1094 1.0
1184 1100 1.0
1184 461 1.0
1184 1120 1.0
1185 1167 1.0
1185 430 1.0
1185 1177 1.0
1185 1215 1.0
1185 1159 1.0
1185 1175 1.0
1185 1272 1.0
1185 848 1.0
1185 317 1.0
1185 874 1.0
1185 4 1.0
1185 854 1.0
1185 92 1.0
1185 842 1.0
1185 643 1.0
1185 11 1.0
1185 235 1.0
1185 1208 1.0
1185 810 1.0
1185 927 1.0
1185 342 1.0
1186 770 1.0
1186 854 1.0
1186 235 1.0
1186 1144 1.0
1186 220 1.0
1186 289 1.0
1186 246 1.0
1186 1229 1.0
1186 1052 1.0
1186 1086 1.0
1186 1188 1.0
1186 1187 1.0
1186 1002 1.0
1186 1140 1.0
1186 852 1.0
1186 224 1.0
1186 1162 1.0
1186 1202 1.0
1186 1185 1.0
1186 1208 1.0
1186 342 1.0
1186 489 1.0
1187 874 1.0
1187 0 1.0
1187 1211 1.0
1187 1162 1.0
1188 873 1.0
1188 1165 1.0
1188 342 1.0
1188 213 1.0
1188 1245 1.0
1188 929 1.0
1188 1180 1.0
1188 1177 1.0
1188 1169 1.0
1188 1205 1.0
1188 1193 1.0
1188 1153 1.0
1188 935 1.0
1188 1130 1.0
1188 1175 1.0
1188 1179 1.0
1190 1004 1.0
1190 504 1.0
1192 461 1.0
1193 392 1.0
1193 823 1.0
1193 761 1.0
1193 412 1.0
1193 1149 1.0
1193 816 1.0
1193 762 1.0
1193 430 1.0
1194 649 1.0
1195 1192 1.0
1195 461 1.0
1195 814 1.0
1196 774 1.0
1196 621 1.0
1196 1177 1.0
1196 681 1.0
1196 348 1.0
1196 328 1.0
1196 712 1.0
1197 880 1.0
1197 1090 1.0
1197 728 1.0
1197 683 1.0
1197 235 1.0
1197 872 1.0
1197 1144 1.0
1197 719 1.0
1197 1219 1.0
1197 1191 1.0
1197 1215 1.0
1197 1218 1.0
1197 1205 1.0
1197 1190 1.0
1197 1177 1.0
1197 1189 1.0
1197 1173 1.0
1197 1169 1.0
1197 1217 1.0
1197 860 1.0
1197 85 1.0
1197 663 1.0
1197 251 1.0
1197 269 1.0
1197 909 1.0
1198 774 1.0
1201 472 1.0
1201 131 1.0
1202 288 1.0
1202 24 1.0
1202 243 1.0
1202 248 1.0
1202 1162 1.0
1202 848 1.0
1202 1160 1.0
1202 1140 1.0
1202 1185 1.0
1202 852 1.0
1202 1086 1.0
1202 224 1.0
1202 872 1.0
1202 235 1.0
1203 1164 1.0
1203 162 1.0
1203 757 1.0
1203 1209 1.0
1203 1165 1.0
1203 1193 1.0
1203 926 1.0
1203 1282 1.0
1203 952 1.0
1203 937 1.0
1203 1219 1.0
1203 185 1.0
1203 190 1.0
1203 189 1.0
1203 191 1.0
1203 1212 1.0
1203 1215 1.0
1203 1218 1.0
1203 1191 1.0
1203 1181 1.0
1203 719 1.0
1203 1169 1.0
1203 976 1.0
1203 146 1.0
1203 85 1.0
1203 1205 1.0
1203 959 1.0
1203 848 1.0
1203 317 1.0
1203 461 1.0
1203 894 1.0
1204 1140 1.0
1205 1190 1.0
1205 1177 1.0
1205 719 1.0
1205 1189 1.0
1205 1219 1.0
1205 1215 1.0
1205 1191 1.0
1205 1217 1.0
1205 1206 1.0
1205 1197 1.0
1205 1181 1.0
1205 1171 1.0
1205 1169 1.0
1205 235 1.0
1205 1175 1.0
1205 146 1.0
1205 860 1.0
1205 312 1.0
1205 959 1.0
1205 354 1.0
1205 461 1.0
1205 848 1.0
1205 894 1.0
1206 85 1.0
1206 1197 1.0
1206 1191 1.0
1206 1169 1.0
1206 1215 1.0
1206 1218 1.0
1206 1190 1.0
1206 1217 1.0
1206 1219 1.0
1206 1205 1.0
1206 1189 1.0
1206 1177 1.0
1206 719 1.0
1206 848 1.0
1206 663 1.0
1207 1206 1.0
1208 386 1.0
1208 213 1.0
1208 1175 1.0
1208 1140 1.0
1208 281 1.0
1208 898 1.0
1208 848 1.0
1208 747 1.0
1208 975 1.0
1208 485 1.0
1208 874 1.0
1208 1002 1.0
1208 927 1.0
1208 92 1.0
1208 1144 1.0
1208 349 1.0
1208 461 1.0
1208 1185 1.0
1208 235 1.0
1208 1052 1.0
1208 2 1.0
1208 597 1.0
1208 525 1.0
1209 540 1.0
1209 518 1.0
1209 1137 1.0
1209 523 1.0
1209 1252 1.0
1209 935 1.0
1209 1148 1.0
1209 1099 1.0
1209 167 1.0
1209 1213 1.0
1209 367 1.0
1209 681 1.0
1209 848 1.0
1209 847 1.0
1209 1077 1.0
1209 716 1.0
1209 1216 1.0
1209 710 1.0
1209 904 1.0
1209 676 1.0
1209 134 1.0
1209 988 1.0
1209 1114 1.0
1209 1007 1.0
1209 1223 1.0
1209 1139 1.0
1209 1172 1.0
1209 1136 1.0
1209 1085 1.0
1209 1130 1.0
1209 430 1.0
1209 1189 1.0
1209 1191 1.0
1209 1215 1.0
1209 1181 1.0
1209 1177 1.0
1209 1169 1.0
1209 973 1.0
1209 545 1.0
1209 1176 1.0
1209 1175 1.0
1209 1154 1.0
1209 1116 1.0
1209 95 1.0
1210 328 1.0
1211 461 1.0
1211 774 1.0
1212 848 1.0
1213 1147 1.0
1213 134 1.0
1213 1136 1.0
1213 847 1.0
1213 716 1.0
1213 167 1.0
1213 676 1.0
1213 988 1.0
1213 1252 1.0
1213 1155 1.0
1213 720 1.0
1213 926 1.0
1213 1184 1.0
1213 1169 1.0
1213 1172 1.0
1213 523 1.0
1213 1053 1.0
1213 710 1.0
1213 1223 1.0
1213 786 1.0
1213 1270 1.0
1213 1209 1.0
1213 1148 1.0
1213 367 1.0
1213 1077 1.0
1213 540 1.0
1213 1153 1.0
1213 1218 1.0
1213 430 1.0
1213 1114 1.0
1213 1137 1.0
1213 796 1.0
1213 1139 1.0
1213 681 1.0
1214 427 1.0
1214 999 1.0
1214 1110 1.0
1214 259 1.0
1214 454 1.0
1214 957 1.0
1214 1061 1.0
1215 1175 1.0
1215 348 1.0
1215 506 1.0
1215 909 1.0
1215 191 1.0
1215 189 1.0
1215 1212 1.0
1215 1219 1.0
1215 1191 1.0
1215 1218 1.0
1215 1205 1.0
1215 1197 1.0
1215 1190 1.0
1215 1177 1.0
1215 1189 1.0
1215 719 1.0
1215 1169 1.0
1215 1217 1.0
1215 976 1.0
1215 948 1.0
1215 905 1.0
1215 937 1.0
1215 1143 1.0
1215 926 1.0
1215 918 1.0
1215 155 1.0
1215 187 1.0
1215 146 1.0
1215 515 1.0
1216 1209 1.0
1216 988 1.0
1216 167 1.0
1216 523 1.0
1216 1114 1.0
1216 681 1.0
1216 1129 1.0
1216 676 1.0
1216 1252 1.0
1216 1081 1.0
1216 1270 1.0
1216 1077 1.0
1216 896 1.0
1216 851 1.0
1216 794 1.0
1216 786 1.0
1216 722 1.0
1216 710 1.0
1216 36 1.0
1216 367 1.0
1216 977 1.0
1216 973 1.0
1216 1189 1.0
1216 147 1.0
1216 1263 1.0
1216 1215 1.0
1216 1130 1.0
1216 1159 1.0
1216 882 1.0
1216 675 1.0
1216 540 1.0
1216 1223 1.0
1216 1213 1.0
1216 873 1.0
1216 461 1.0
1216 354 1.0
1216 1136 1.0
1216 1172 1.0
1216 757 1.0
1216 904 1.0
1216 134 1.0
1217 85 1.0
1217 676 1.0
1217 1210 1.0
1217 650 1.0
1218 95 1.0
1218 1165 1.0
1218 894 1.0
1218 959 1.0
1218 220 1.0
1218 191 1.0
1218 190 1.0
1218 189 1.0
1218 185 1.0
1218 354 1.0
1218 673 1.0
1218 441 1.0
1219 909 1.0
1222 629 1.0
1222 159 1.0
1222 648 1.0
1222 245 1.0
1222 278 1.0
1222 672 1.0
1222 545 1.0
1222 1154 1.0
1222 1253 1.0
1222 1175 1.0
1222 1231 1.0
1222 674 1.0
1223 1270 1.0
1224 816 1.0
1224 780 1.0
1224 493 1.0
1224 392 1.0
1225 454 1.0
1225 457 1.0
1225 1096 1.0
1227 404 1.0
1227 991 1.0
1230 205 1.0
1231 1035 1.0
1231 620 1.0
1231 1253 1.0
1231 1154 1.0
1231 1165 1.0
1231 1250 1.0
1231 1239 1.0
1231 672 1.0
1231 1166 1.0
1231 720 1.0
1231 674 1.0
1231 1242 1.0
1231 622 1.0
1231 1232 1.0
1231 1252 1.0
1231 691 1.0
1231 348 1.0
1231 264 1.0
1231 1222 1.0
1231 276 1.0
1232 1231 1.0
1233 934 1.0
1233 566 1.0
1233 112 1.0
1233 805 1.0
1235 452 1.0
1239 435 1.0
1239 245 1.0
1240 1033 1.0
1240 1241 1.0
1240 932 1.0
1240 971 1.0
1240 111 1.0
1240 580 1.0
1240 109 1.0
1240 453 1.0
1240 1008 1.0
1240 335 1.0
1240 524 1.0
1240 735 1.0
1240 161 1.0
1240 181 1.0
1240 55 1.0
1240 302 1.0
1240 1265 1.0
1240 464 1.0
1240 1247 1.0
1241 1240 1.0
1241 111 1.0
1241 1033 1.0
1241 335 1.0
1241 478 1.0
1241 873 1.0
1242 478 1.0
1242 1045 1.0
1242 674 1.0
1242 1239 1.0
1243 1253 1.0
1243 1166 1.0
1243 1165 1.0
1243 1154 1.0
1243 720 1.0
1244 461 1.0
1244 784 1.0
1244 519 1.0
1244 245 1.0
1244 1165 1.0
1244 1253 1.0
1244 626 1.0
1244 648 1.0
1245 1086 1.0
1245 1052 1.0
1245 1160 1.0
1245 1202 1.0
1245 1187 1.0
1245 1140 1.0
1245 1002 1.0
1245 1144 1.0
1245 1185 1.0
1245 974 1.0
1245 852 1.0
1245 84 1.0
1245 1162 1.0
1245 1188 1.0
1245 1229 1.0
1245 289 1.0
1245 246 1.0
1245 220 1.0
1245 224 1.0
1245 288 1.0
1245 854 1.0
1245 872 1.0
1247 351 1.0
1247 1265 1.0
1247 869 1.0
1248 387 1.0
1249 176 1.0
1249 1000 1.0
1250 1243 1.0
1250 245 1.0
1250 674 1.0
1250 48 1.0
1251 877 1.0
1252 1114 1.0
1252 786 1.0
1252 1129 1.0
1252 1231 1.0
1252 1216 1.0
1252 1209 1.0
1252 488 1.0
1252 794 1.0
1252 1139 1.0
1253 136 1.0
1253 1261 1.0
1253 1175 1.0
1253 690 1.0
1253 1231 1.0
1253 674 1.0
1253 1243 1.0
1253 727 1.0
1253 245 1.0
1253 1239 1.0
1253 1037 1.0
1253 622 1.0
1253 118 1.0
1253 1154 1.0
1253 930 1.0
1253 1244 1.0
1253 461 1.0
1253 691 1.0
1253 338 1.0
1253 152 1.0
1253 1260 1.0
1253 438 1.0
1253 620 1.0
1253 1165 1.0
1253 1242 1.0
1253 75 1.0
1253 450 1.0
1253 704 1.0
1253 1003 1.0
1253 796 1.0
1253 659 1.0
1253 696 1.0
1253 1281 1.0
1253 686 1.0
1253 149 1.0
1253 720 1.0
1253 859 1.0
1253 1000 1.0
1253 1166 1.0
1253 609 1.0
1254 899 1.0
1255 1102 1.0
1255 354 1.0
1255 461 1.0
1257 132 1.0
1257 399 1.0
1258 780 1.0
1258 1128 1.0
1258 865 1.0
1258 475 1.0
1258 487 1.0
1258 881 1.0
1258 868 1.0
1258 467 1.0
1258 903 1.0
1258 816 1.0
1258 401 1.0
1258 463 1.0
1258 762 1.0
1259 720 1.0
1259 471 1.0
1259 469 1.0
1259 318 1.0
1260 1165 1.0
1260 620 1.0
1260 1242 1.0
1261 1154 1.0
1261 1253 1.0
1261 1165 1.0
1261 717 1.0
1261 720 1.0
1261 1166 1.0
1261 1000 1.0
1261 111 1.0
1262 1185 1.0
1262 85 1.0
1263 348 1.0
1263 1215 1.0
1263 873 1.0
1263 146 1.0
1263 1197 1.0
1264 85 1.0
1265 733 1.0
1265 549 1.0
1266 221 1.0
1266 1047 1.0
1266 1272 1.0
1266 1011 1.0
1266 1267 1.0
1266 68 1.0
1267 1047 1.0
1267 1272 1.0
1267 295 1.0
1270 523 1.0
1270 167 1.0
1270 36 1.0
1270 904 1.0
1270 681 1.0
1270 786 1.0
1270 488 1.0
1270 510 1.0
1270 1172 1.0
1270 580 1.0
1272 1089 1.0
1272 1165 1.0
1272 1177 1.0
1273 899 1.0
1273 902 1.0
1273 558 1.0
1273 906 1.0
1273 592 1.0
1275 168 1.0
1278 552 1.0
1279 1058 1.0
1279 1057 1.0
1279 235 1.0
1279 436 1.0
1281 1175 1.0
1281 548 1.0
1281 545 1.0
1281 1176 1.0
1281 538 1.0
1281 543 1.0
1281 1179 1.0
1282 905 1.0
1282 1155 1.0
1282 930 1.0
1282 538 1.0
1282 1148 1.0
1282 1147 1.0
1282 681 1.0
1282 757 1.0
1282 1082 1.0
1282 848 1.0
1282 354 1.0
1282 909 1.0
1282 91 1.0
1282 1281 1.0
1282 187 1.0
1282 85 1.0
1282 894 1.0
1283 874 1.0
1284 848 1.0
1284 348 1.0
1284 1029 1.0
1284 137 1.0
