70.852394 -33.04151 0.0
-101.16251 -8.967366 0.0
48.30685 -30.18739 0.0
-111.21838 1.7256669 0.0
42.982048 -37.937393 0.0
-6.0953193 -93.58545 0.0
27.055542 -13.668595 0.0
-104.90953 -22.638027 0.0
-91.299515 66.27498 0.0
128.5776 50.956173 0.0
127.134254 38.134563 0.0
15.359035 -9.126161 0.0
-89.11423 31.665909 0.0
17.658978 5.258653 0.0
52.057266 22.740744 0.0
59.821136 26.749136 0.0
-16.1271 16.50138 0.0
-91.330315 -14.848738 0.0
-88.43399 -27.590477 0.0
-106.161835 52.191696 0.0
-11.77533 -54.199562 0.0
-53.741367 45.1645 0.0
-16.789001 7.310046 0.0
15.591976 -103.5063 0.0
55.32635 -5.1117225 0.0
48.984005 -95.82455 0.0
-97.1002 46.334217 0.0
-38.105392 -36.13953 0.0
68.58117 -52.925625 0.0
-90.409 -28.520485 0.0
51.19387 -69.287605 0.0
-98.43348 20.852314 0.0
23.535238 8.302115 0.0
-112.58577 -4.4139414 0.0
-82.52245 24.086624 0.0
78.08595 -39.597828 0.0
32.95668 84.145226 0.0
20.823004 68.80842 0.0
-105.522026 37.07573 0.0
-69.10437 46.40836 0.0
-85.93167 69.475876 0.0
41.79066 -32.124916 0.0
131.5603 77.35301 0.0
55.578728 -76.726906 0.0
-29.280603 1.5347564 0.0
48.1275 -62.940506 0.0
120.947914 89.10667 0.0
-2.07672 0.63997686 0.0
-66.05646 54.46018 0.0
-9.24568 -87.0596 0.0
-73.31375 87.89732 0.0
29.996824 -31.839067 0.0
-71.353065 83.33613 0.0
-113.4961 -11.289564 0.0
-69.249855 85.951294 0.0
-109.737 -8.027374 0.0
123.17274 72.4184 0.0
102.980316 75.99308 0.0
33.504253 -63.934307 0.0
104.96139 77.21903 0.0
37.266556 -16.693604 0.0
-72.33505 -26.5359 0.0
-66.98551 -17.025198 0.0
60.40221 -39.595932 0.0
61.840977 -33.94173 0.0
58.251343 -29.029234 0.0
89.13108 59.333008 0.0
-42.315346 -49.606285 0.0
4.8754663 -104.60868 0.0
120.71373 91.10308 0.0
130.30995 63.59387 0.0
-73.67624 86.81062 0.0
32.052563 26.80931 0.0
-72.79633 81.39791 0.0
-62.53341 -25.602406 0.0
-39.30205 34.88964 0.0
144.21417 77.12335 0.0
-70.48636 80.459885 0.0
-59.132084 59.24253 0.0
-75.24893 84.26795 0.0
8.886157 -101.054794 0.0
69.8925 -22.427952 0.0
112.50264 52.152283 0.0
-11.1473675 9.056755 0.0
49.771244 -21.455408 0.0
7.0047956 7.11129 0.0
0.052077673 7.1418896 0.0
9.306638 4.746129 0.0
-119.19783 -35.7675 0.0
108.825775 56.291805 0.0
-13.753877 -1.2123733 0.0
-6.9400907 25.959087 0.0
69.59715 -37.43092 0.0
25.680456 -73.63692 0.0
26.085762 -72.58539 0.0
27.281092 45.599823 0.0
-29.407394 -18.800306 0.0
9.135305 36.33402 0.0
-93.71616 -51.96831 0.0
-83.481346 -13.04813 0.0
30.071676 -2.772488 0.0
13.874118 19.647484 0.0
-83.17338 -45.63374 0.0
126.64593 88.49789 0.0
123.44972 92.24637 0.0
-99.985504 23.013098 0.0
-86.4151 -13.988379 0.0
56.418514 14.4605255 0.0
135.90996 82.479485 0.0
-102.996086 -16.69226 0.0
-102.15757 -45.745358 0.0
-94.04389 -7.8862224 0.0
-59.841923 -31.917006 0.0
-85.09862 -16.700266 0.0
31.491467 34.435345 0.0
-73.17164 85.13026 0.0
78.323 -35.379536 0.0
-68.11297 82.37611 0.0
-57.223137 46.41712 0.0
-84.532715 -17.604889 0.0
72.91621 44.350403 0.0
92.20809 56.11149 0.0
135.2927 70.33089 0.0
-80.17461 68.56653 0.0
54.91255 -71.38615 0.0
47.363712 -68.473305 0.0
119.481674 87.91481 0.0
-30.050592 -2.1101892 0.0
-31.85411 -43.447075 0.0
46.213326 43.098206 0.0
17.226324 -23.576923 0.0
-111.585045 38.594193 0.0
91.64632 69.863174 0.0
-6.270555 -2.3836224 0.0
27.154137 67.5406 0.0
-31.592558 41.123623 0.0
-72.822975 44.234303 0.0
2.1929657 -52.210064 0.0
-34.183697 -21.792067 0.0
-2.2456367 -77.62942 0.0
-102.87775 31.75427 0.0
-108.72488 32.156406 0.0
-0.17831016 -59.73828 0.0
-6.578198 -72.22883 0.0
-69.615265 25.836369 0.0
-9.800432 -105.8193 0.0
30.703945 19.858059 0.0
-4.1934643 61.84521 0.0
-2.9483588 -56.21204 0.0
-94.02996 43.14056 0.0
-6.9931703 -73.32915 0.0
-97.251465 -31.532667 0.0
-92.56167 49.37208 0.0
-75.40422 62.2996 0.0
11.325935 -100.22106 0.0
35.940598 24.737268 0.0
-32.3678 -39.70574 0.0
-89.211525 -47.259842 0.0
-79.68249 -14.021501 0.0
-69.835 50.782604 0.0
-102.56607 38.652943 0.0
-108.88931 -20.6361 0.0
-90.09914 -0.046650104 0.0
-91.79345 -6.550392 0.0
74.56015 49.02556 0.0
74.47831 1.8017724 0.0
99.53965 47.1523 0.0
35.30144 73.16287 0.0
82.63614 43.42594 0.0
101.71898 71.385414 0.0
-34.45111 4.1770754 0.0
150.95575 48.810764 0.0
-94.873634 -39.829323 0.0
-33.517456 -3.8032706 0.0
79.913895 65.24874 0.0
-35.31878 -1.3009171 0.0
-55.69109 25.33998 0.0
30.714703 31.795496 0.0
-7.890669 -91.564156 0.0
-99.899506 -36.90957 0.0
-8.143248 -104.74879 0.0
-112.46486 4.597122 0.0
-96.56943 -12.909493 0.0
-84.75924 -40.77439 0.0
22.76861 1.7354736 0.0
17.041351 3.7461019 0.0
126.43574 75.26196 0.0
-1.4519273 21.474834 0.0
-104.11536 -29.479095 0.0
9.307015 14.395646 0.0
38.38208 10.418233 0.0
28.903767 22.993832 0.0
-4.324969 -79.94863 0.0
-55.69697 31.745789 0.0
29.912083 76.1823 0.0
-96.62614 -41.727142 0.0
98.70991 60.12066 0.0
-39.20743 -38.083412 0.0
-91.32443 -48.239315 0.0
153.05559 64.874825 0.0
-11.625559 -52.330303 0.0
-76.06896 43.050896 0.0
-5.3626323 -103.73708 0.0
-8.218222 -57.17668 0.0
7.171076 -93.60454 0.0
-6.497072 -116.27693 0.0
-11.492849 -98.28252 0.0
-95.800385 48.22122 0.0
21.432934 -82.29329 0.0
93.87122 -66.86832 0.0
-34.08006 37.39235 0.0
-6.305217 28.62821 0.0
-29.95255 20.467495 0.0
32.8634 -26.189129 0.0
-112.43628 19.879108 0.0
-45.568703 -9.045749 0.0
-103.37251 -5.308335 0.0
57.97253 -13.287282 0.0
44.11427 27.82035 0.0
-89.0468 -36.085938 0.0
62.913647 -14.395762 0.0
3.6286945 -94.66165 0.0
1.8254791 -96.42745 0.0
4.0197067 -90.75503 0.0
90.925705 -25.359716 0.0
-34.933903 35.6693 0.0
-110.7864 -28.48018 0.0
-79.60012 32.731567 0.0
48.531605 -67.557976 0.0
-5.420792 -80.76619 0.0
19.872639 -60.684807 0.0
-73.880135 22.03342 0.0
-6.9903984 -71.38868 0.0
46.782898 -42.39421 0.0
-16.003748 -96.52766 0.0
48.171585 -36.423817 0.0
59.8806 -37.81704 0.0
66.46052 -34.945004 0.0
55.42119 -38.737957 0.0
69.35085 -46.05585 0.0
-40.48649 47.577747 0.0
-68.532845 22.959057 0.0
48.741253 -20.526009 0.0
82.76897 -37.233456 0.0
60.088554 -72.25873 0.0
-75.59295 37.797726 0.0
73.698326 -18.073807 0.0
54.101032 13.4341955 0.0
69.907166 -29.875048 0.0
-75.28176 40.97566 0.0
-74.09092 58.307 0.0
-12.480671 12.772212 0.0
-99.21976 44.259575 0.0
-30.909996 -42.317352 0.0
131.061 74.49722 0.0
-53.24645 50.4076 0.0
-34.560783 39.170856 0.0
-12.355387 19.469551 0.0
-39.604588 57.766777 0.0
142.53786 84.19857 0.0
-43.480335 -3.9616516 0.0
12.753102 -4.8849196 0.0
107.77413 60.066917 0.0
-16.462528 -3.1918113 0.0
-75.588326 51.713978 0.0
-42.370995 40.30509 0.0
114.74715 59.09106 0.0
-29.45736 38.236313 0.0
-28.25987 14.472503 0.0
-7.6897917 14.565086 0.0
-19.718716 15.40576 0.0
-43.121048 51.215496 0.0
10.666529 86.278175 0.0
9.201514 73.87648 0.0
-63.638054 -7.029466 0.0
-20.12338 -59.77424 0.0
-101.91655 47.223297 0.0
131.71306 69.304794 0.0
-84.86313 44.249115 0.0
-30.905365 -4.677878 0.0
-6.136922 -107.90696 0.0
39.20332 -14.485261 0.0
36.820824 -15.546936 0.0
79.74633 53.992195 0.0
-13.613491 -47.29931 0.0
-85.70788 78.68199 0.0
-77.23986 24.697989 0.0
-8.4861145 -84.99823 0.0
38.23097 -21.639502 0.0
86.95891 -33.03052 0.0
45.102898 -60.73564 0.0
-86.242615 -9.925341 0.0
-57.924038 64.21303 0.0
-101.13381 -11.513559 0.0
25.73332 13.4573345 0.0
9.647024 -96.60674 0.0
21.286034 -14.682482 0.0
-84.918686 -32.553844 0.0
-14.769861 -102.80351 0.0
-59.3532 -2.2518291 0.0
-97.279106 -33.593 0.0
-101.80574 -42.63887 0.0
-86.070656 -20.124025 0.0
-100.21414 -51.02072 0.0
-103.73666 -47.433968 0.0
-36.803802 -10.031949 0.0
-28.761715 -0.43862098 0.0
-32.61177 21.438986 0.0
-78.63271 45.317383 0.0
-96.916534 30.800034 0.0
-33.929665 -42.50642 0.0
-34.175354 -5.7857265 0.0
6.5474143 -2.4658341 0.0
-117.48269 -24.634052 0.0
-105.61946 34.747383 0.0
-32.07494 18.659735 0.0
-100.74271 33.76755 0.0
21.295044 -39.16855 0.0
-66.73939 63.294 0.0
-53.512375 23.328547 0.0
-99.30216 -27.493956 0.0
-25.948978 -31.000475 0.0
-19.461132 -53.264008 0.0
6.7808485 26.22424 0.0
39.25375 -39.30429 0.0
21.830467 18.91027 0.0
31.408224 -23.528893 0.0
-111.945946 -30.434914 0.0
-25.15139 0.62152237 0.0
-19.284468 -62.80263 0.0
-76.43631 -8.065146 0.0
-120.82196 -37.919907 0.0
-113.7546 -36.823887 0.0
-18.211779 -61.675198 0.0
-82.93525 -41.707157 0.0
-78.59097 -21.417244 0.0
-70.716576 -31.51719 0.0
-40.17644 -37.251488 0.0
-84.55778 34.880013 0.0
44.958458 -78.61739 0.0
65.06096 -32.037827 0.0
15.380236 9.347554 0.0
69.03951 -16.898378 0.0
-94.00365 -50.08713 0.0
-76.62682 7.0826397 0.0
-119.23339 21.794958 0.0
-95.67951 -23.607779 0.0
-78.23926 -22.8123 0.0
-13.960594 -6.705444 0.0
19.466831 -27.363035 0.0
-30.221828 5.2739577 0.0
-115.410904 -7.0860066 0.0
-116.48153 32.736427 0.0
51.063744 14.243573 0.0
-2.9929588 14.465304 0.0
28.767282 37.398857 0.0
-10.054055 -86.00664 0.0
-104.653206 50.477222 0.0
-32.67663 -40.62443 0.0
-7.3733506 -74.35352 0.0
-117.5286 6.5183663 0.0
-94.22767 25.6268 0.0
-114.61144 3.6449678 0.0
-114.811424 27.475176 0.0
-59.286835 33.86345 0.0
-38.523804 -24.334976 0.0
2.846047 -84.308975 0.0
41.0922 90.95071 0.0
-34.430775 16.351463 0.0
-28.455584 -52.37329 0.0
119.35949 54.5317 0.0
2.3150873 20.479692 0.0
-90.95504 35.961044 0.0
-76.64576 -30.534307 0.0
-89.868965 -26.527655 0.0
-119.750336 35.70398 0.0
31.636524 -18.625046 0.0
124.985306 46.773247 0.0
92.790665 -65.598564 0.0
93.56533 -67.90374 0.0
-27.124735 24.822664 0.0
-39.487213 -102.78435 0.0
-13.678834 -25.405893 0.0
-56.292995 -38.375923 0.0
-4.079936 16.414795 0.0
-58.123276 59.986855 0.0
52.343414 -27.198845 0.0
-118.6748 38.465816 0.0
-116.88884 29.684336 0.0
47.3678 -23.377628 0.0
16.776188 -4.0809655 0.0
110.78252 70.4423 0.0
48.32958 -73.08324 0.0
-119.69419 26.375301 0.0
22.678598 -21.623587 0.0
63.099922 -6.070601 0.0
128.87737 85.141716 0.0
114.89241 81.03058 0.0
112.60393 73.39569 0.0
110.07296 62.146152 0.0
-85.658005 -38.948597 0.0
9.435119 -58.85338 0.0
-10.68843 -90.72913 0.0
34.87261 -59.741222 0.0
77.14779 -1.2102033 0.0
-53.313572 -11.285514 0.0
-8.459286 -99.15171 0.0
-9.516344 -89.833046 0.0
-116.1164 -22.169422 0.0
74.67994 2.7709475 0.0
-97.21812 -0.22312029 0.0
-39.53823 -15.700074 0.0
38.12509 -62.9172 0.0
-36.90017 7.9919863 0.0
133.00478 86.20769 0.0
95.17181 54.129807 0.0
114.10495 78.18421 0.0
-6.9767017 -113.785446 0.0
23.526312 25.707687 0.0
78.45187 64.29111 0.0
85.00458 80.10651 0.0
-9.303768 -41.19722 0.0
-1.4899511 -22.650278 0.0
127.16963 79.68658 0.0
39.219696 1.8389797 0.0
-114.74222 -23.203936 0.0
-30.649076 -56.106808 0.0
145.00246 72.373955 0.0
131.61359 66.43737 0.0
-19.029522 -40.416008 0.0
28.82395 -45.368847 0.0
130.61406 60.842155 0.0
148.7018 52.52735 0.0
-85.77172 3.2825572 0.0
119.0643 71.458145 0.0
-95.23568 51.28238 0.0
70.2837 -43.319866 0.0
146.76866 54.19802 0.0
-60.681553 50.364586 0.0
131.70393 89.41002 0.0
86.246056 55.02742 0.0
63.15231 -7.9688926 0.0
31.464573 -88.81559 0.0
135.04224 62.705223 0.0
-96.94135 -22.623142 0.0
-93.35646 -30.529638 0.0
-106.59212 -30.447142 0.0
102.19486 63.235962 0.0
-114.37406 20.80828 0.0
-67.27894 41.27233 0.0
-76.27454 78.88026 0.0
125.32524 39.00515 0.0
-16.787327 -56.182648 0.0
-111.05013 -10.382848 0.0
128.24843 73.41338 0.0
-18.886637 -10.735588 0.0
-0.032846484 -92.58717 0.0
116.421555 79.11448 0.0
121.318855 86.985176 0.0
25.904999 -34.86077 0.0
-26.78933 -7.840425 0.0
-17.234818 10.541758 0.0
-13.223359 4.2833896 0.0
8.591215 2.8606222 0.0
-63.274746 -4.3741918 0.0
-111.67832 -34.66637 0.0
114.7115 57.233353 0.0
31.471733 -75.68464 0.0
0.02913319 68.75435 0.0
-73.02894 70.38285 0.0
86.79786 49.804043 0.0
-69.313576 61.346313 0.0
-79.28479 64.55709 0.0
105.78404 54.631187 0.0
119.92969 77.314735 0.0
47.761055 -65.48904 0.0
30.131659 -81.455505 0.0
-27.693666 27.301785 0.0
-9.073608 15.61863 0.0
-112.79912 -33.403687 0.0
-31.42548 23.330727 0.0
20.51123 -46.284508 0.0
18.644161 -12.806616 0.0
18.861877 -15.6355095 0.0
-90.89224 14.799629 0.0
42.19988 -19.579884 0.0
-91.42056 16.725052 0.0
26.572416 -61.81935 0.0
2.0776289 85.144325 0.0
72.56956 -27.27852 0.0
-32.73535 -32.627472 0.0
-92.425766 -40.733383 0.0
-36.598038 -6.6610737 0.0
53.695484 -78.63094 0.0
-46.008698 62.71867 0.0
-16.68561 -45.16537 0.0
39.389656 -53.938522 0.0
-80.02406 -39.8234 0.0
-32.495415 -36.23108 0.0
45.07902 18.965067 0.0
7.6092653 25.371067 0.0
-5.562844 12.302732 0.0
24.780613 11.3721485 0.0
39.56222 14.18284 0.0
41.28818 23.706802 0.0
29.594122 16.708487 0.0
22.121414 6.2505903 0.0
-60.991863 -35.74181 0.0
-103.46892 -39.007545 0.0
-113.8283 -39.89825 0.0
36.21994 75.449615 0.0
2.2393262 -26.036663 0.0
76.40226 58.10748 0.0
-43.44161 22.371025 0.0
5.666265 24.361967 0.0
47.489956 0.80670786 0.0
-92.69849 60.10444 0.0
48.83165 81.33212 0.0
24.838127 81.13581 0.0
-67.71829 1.489308 0.0
-59.1749 52.46735 0.0
4.6580324 -102.80721 0.0
-38.45823 3.2549894 0.0
38.67646 62.07432 0.0
-88.066025 -1.875984 0.0
56.4952 -28.08978 0.0
51.147167 -79.59056 0.0
-92.01942 -46.20719 0.0
-105.8044 -25.522902 0.0
-84.95946 -33.98112 0.0
-84.16682 65.44717 0.0
-53.90172 -39.601208 0.0
-119.992874 37.532032 0.0
-35.695084 -82.17553 0.0
-103.607185 -36.003387 0.0
-99.355225 2.6752589 0.0
80.945076 -14.457855 0.0
-6.298506 -51.20245 0.0
-79.314644 26.879084 0.0
-30.142338 13.244006 0.0
18.48501 85.05668 0.0
-64.97223 27.26095 0.0
-75.74303 23.891466 0.0
-74.99989 17.398796 0.0
5.106328 -3.5660186 0.0
-92.70597 37.349903 0.0
-41.04845 14.348452 0.0
-101.77422 39.851143 0.0
-77.88203 30.615772 0.0
-89.43604 -11.839319 0.0
-84.39756 62.51379 0.0
-2.8512175 -48.26758 0.0
2.148869 -4.5249434 0.0
-36.727955 -43.404675 0.0
6.8187485 84.08913 0.0
114.22311 63.34138 0.0
-50.88391 27.58767 0.0
95.71358 -60.74725 0.0
0.9457557 -23.58301 0.0
101.27878 57.236168 0.0
60.15063 11.324801 0.0
27.576712 -5.1531982 0.0
-63.631924 -24.133705 0.0
-15.992591 -48.367466 0.0
-12.519883 -39.462006 0.0
-19.45245 -51.438824 0.0
-59.73646 -36.996502 0.0
61.463524 -42.329548 0.0
-104.82015 -2.2102525 0.0
-42.980083 -68.08339 0.0
-43.142265 -69.171776 0.0
-0.48154777 76.87814 0.0
-2.4624767 76.10914 0.0
34.25337 -54.923 0.0
47.79457 -16.840366 0.0
-21.075342 -57.13671 0.0
-40.0416 -103.66772 0.0
-19.604568 -58.090034 0.0
-35.968422 -41.582333 0.0
-108.8979 13.862322 0.0
-87.205894 13.161439 0.0
147.32518 78.25181 0.0
-3.2915947 -98.31051 0.0
50.49261 -75.834854 0.0
72.002846 0.703074 0.0
-126.69188 28.068165 0.0
20.336746 32.547913 0.0
79.43042 -2.061035 0.0
79.81387 63.085423 0.0
137.38039 51.66607 0.0
105.36371 74.29121 0.0
120.41037 75.32494 0.0
-3.6922596 -14.975595 0.0
49.248344 63.152798 0.0
57.799755 28.831015 0.0
2.2907665 37.89797 0.0
-19.827675 8.178592 0.0
56.55631 -15.928457 0.0
8.273421 -24.47068 0.0
100.3646 67.719154 0.0
43.135506 -57.820812 0.0
120.52268 65.58178 0.0
126.46048 65.49434 0.0
132.25418 72.405266 0.0
88.45256 62.135086 0.0
51.75807 -77.639946 0.0
30.883911 29.721191 0.0
-8.840979 5.297105 0.0
11.5397 -13.728386 0.0
-111.22236 42.100056 0.0
14.230617 -7.5483565 0.0
1.93581 -42.12912 0.0
-29.033379 -50.53024 0.0
16.569668 28.706331 0.0
27.023037 66.3703 0.0
-53.381634 24.407785 0.0
34.691624 33.43998 0.0
14.787932 27.731379 0.0
-24.349075 -55.184933 0.0
-95.03267 -36.06204 0.0
-73.03926 60.24504 0.0
-25.292013 12.006189 0.0
-65.875114 39.506607 0.0
54.12276 16.764635 0.0
6.9607196 6.19341 0.0
-50.50147 -25.284399 0.0
-87.75618 53.666397 0.0
-40.741673 10.985096 0.0
-1.8710563 25.082218 0.0
-81.1846 66.51038 0.0
-122.47193 24.295835 0.0
-23.135944 -62.50891 0.0
99.67941 56.165417 0.0
-49.411022 -1.7143477 0.0
-4.1262703 17.469612 0.0
117.40129 69.589096 0.0
24.343962 -62.981403 0.0
17.78326 -65.800064 0.0
-98.989494 27.035812 0.0
58.868446 -12.285674 0.0
89.40317 60.093666 0.0
-72.296326 -34.099945 0.0
-38.56366 -48.590813 0.0
56.72636 -33.023808 0.0
-12.213133 -49.28956 0.0
-17.213724 3.3739965 0.0
21.40341 -16.806616 0.0
33.834335 35.41683 0.0
-70.76657 59.246758 0.0
-37.75598 -80.32541 0.0
8.35851 11.359024 0.0
14.756357 12.446685 0.0
19.800993 -104.45364 0.0
-112.34113 40.947853 0.0
49.653538 -40.56504 0.0
45.271732 -31.154457 0.0
-104.31812 45.232685 0.0
12.780035 -107.96093 0.0
-36.695766 0.5414256 0.0
-76.20647 2.3439043 0.0
-68.2589 -16.236294 0.0
-110.96553 -3.2325304 0.0
-63.15928 58.36357 0.0
20.877964 -0.46661365 0.0
-30.69018 -38.094925 0.0
70.30974 -38.676308 0.0
-5.7255764 -43.1984 0.0
-42.11833 -23.420357 0.0
-42.999245 -22.54605 0.0
82.93965 66.09414 0.0
-13.142731 -111.66682 0.0
56.734207 -31.12215 0.0
-79.03081 61.297142 0.0
24.3614 -66.67999 0.0
-53.829277 56.04687 0.0
23.341105 51.09994 0.0
33.671993 52.277298 0.0
-94.99273 19.2694 0.0
11.419931 -28.29 0.0
11.481053 -25.800945 0.0
-12.786516 -38.586926 0.0
20.918818 61.892307 0.0
133.98317 76.29665 0.0
42.92893 68.76529 0.0
123.683304 82.58037 0.0
-52.457466 35.815067 0.0
-84.263596 50.792934 0.0
141.80577 58.055534 0.0
-102.80019 -43.433155 0.0
95.46769 61.018692 0.0
-81.42174 47.568943 0.0
-71.87851 10.122924 0.0
19.863926 -71.51948 0.0
25.730804 -12.763312 0.0
112.109924 86.597694 0.0
90.47779 52.18012 0.0
-50.916378 52.177864 0.0
132.91841 59.735607 0.0
106.71636 68.86161 0.0
121.510765 74.27644 0.0
126.281685 37.21751 0.0
-83.7674 52.72681 0.0
119.69205 68.39013 0.0
36.74123 30.773315 0.0
-85.95 56.897324 0.0
93.69209 64.95417 0.0
-16.741688 1.3034482 0.0
136.4086 75.28334 0.0
139.96404 44.204647 0.0
138.82764 71.36474 0.0
40.048153 83.12587 0.0
57.99241 -60.828472 0.0
-72.46893 -14.827868 0.0
25.907072 -47.081516 0.0
49.361607 -64.30909 0.0
-6.2639713 -88.01735 0.0
4.979296 77.76703 0.0
-59.89856 34.906494 0.0
127.19215 80.584724 0.0
44.127502 25.813358 0.0
-63.73052 65.44463 0.0
97.328606 73.48294 0.0
20.333271 89.87441 0.0
26.990488 -68.55328 0.0
22.260342 -59.477657 0.0
23.5725 -54.734055 0.0
19.097486 96.33236 0.0
-46.20036 30.731958 0.0
34.148964 63.294617 0.0
-35.237656 -83.04741 0.0
-33.983036 -44.504303 0.0
141.22928 65.50711 0.0
147.33469 45.982967 0.0
-119.40803 -0.21749198 0.0
26.98066 49.260098 0.0
-84.765945 -10.850393 0.0
-124.65818 12.79269 0.0
-88.95089 -42.650917 0.0
26.42416 57.80109 0.0
-12.595778 44.619312 0.0
-81.62627 -0.9891349 0.0
-103.386955 -12.825224 0.0
-75.0343 -29.553074 0.0
-26.041348 -17.598907 0.0
-27.264013 9.084906 0.0
144.83551 58.966125 0.0
-22.752134 -35.449142 0.0
-24.024069 -34.337204 0.0
2.2043211 -18.492018 0.0
-32.023922 17.459177 0.0
149.054 63.397343 0.0
143.13484 70.48663 0.0
138.50829 68.32877 0.0
137.24376 78.42905 0.0
149.45088 71.361855 0.0
135.15872 67.470795 0.0
134.32881 81.58498 0.0
24.310102 56.646523 0.0
156.16164 73.3452 0.0
132.24109 78.710526 0.0
132.91135 88.32384 0.0
43.868393 -73.81365 0.0
34.660637 -70.48415 0.0
41.02582 -51.174435 0.0
-108.370705 -40.772808 0.0
-70.970985 -20.082382 0.0
-75.009796 -28.502466 0.0
-86.5652 4.299549 0.0
6.3357906 -88.9344 0.0
-47.1934 -31.44807 0.0
65.92018 -20.509584 0.0
151.21913 57.392757 0.0
33.127842 -51.368202 0.0
-10.693719 -95.514114 0.0
-22.201534 2.4300961 0.0
14.094293 -101.9864 0.0
-3.9726505 -54.264717 0.0
41.243477 -72.45737 0.0
-112.74183 -2.2700434 0.0
-27.190968 -42.2773 0.0
37.877056 -68.50247 0.0
-44.862732 21.061909 0.0
108.1511 79.89163 0.0
-74.07719 31.584354 0.0
-68.78536 47.591877 0.0
19.922398 -31.411537 0.0
38.737118 79.02547 0.0
47.231632 74.617775 0.0
-7.300483 -53.275234 0.0
95.44491 -61.56717 0.0
20.282288 -67.66202 0.0
-74.291306 -38.896214 0.0
70.995605 -4.271796 0.0
57.72627 -41.499226 0.0
19.335411 83.1292 0.0
19.722797 52.141293 0.0
8.464529 42.52287 0.0
-10.897651 -97.43862 0.0
-7.553822 -106.9338 0.0
-8.533456 -100.83215 0.0
-11.0958 -92.42397 0.0
-22.056946 -100.08903 0.0
10.292393 82.12368 0.0
-13.390369 -58.910664 0.0
6.93934 -21.566082 0.0
-79.31695 -25.433514 0.0
-39.642788 -100.68235 0.0
-83.85853 80.770546 0.0
-10.895177 -94.54889 0.0
-22.747013 -9.601366 0.0
81.82751 -34.15846 0.0
-116.98565 18.734566 0.0
-30.13161 -51.543633 0.0
-111.421875 -27.453493 0.0
-22.168262 -43.25779 0.0
47.478767 92.16331 0.0
38.059345 -52.72819 0.0
28.901749 -55.83616 0.0
24.310383 -42.56919 0.0
26.88503 -77.54648 0.0
-24.199648 -63.374477 0.0
-6.19905 -46.37396 0.0
40.522057 -76.618675 0.0
45.20105 -66.56998 0.0
35.367382 -10.050645 0.0
-81.862686 -44.67627 0.0
-92.43842 -44.752148 0.0
6.2535806 -15.804715 0.0
-34.36508 -34.53337 0.0
-48.345688 -21.494606 0.0
-48.98722 -19.986628 0.0
-71.718254 -36.871727 0.0
-74.10161 -37.92334 0.0
-70.13972 -33.065296 0.0
-77.56985 -36.060596 0.0
-75.4646 -40.792374 0.0
-100.810875 -13.784559 0.0
-91.91743 -29.589817 0.0
-93.08893 -19.257273 0.0
119.74657 80.10118 0.0
-26.10883 -36.95366 0.0
12.591677 -22.64146 0.0
49.25554 -34.795147 0.0
135.13182 46.246292 0.0
-88.4027 26.853634 0.0
-13.822524 18.362194 0.0
0.22520454 29.49837 0.0
41.247223 71.600624 0.0
2.4976041 -8.611674 0.0
-90.15303 40.99508 0.0
-60.038204 -7.974074 0.0
43.037766 80.160515 0.0
54.867065 -11.181546 0.0
38.23928 50.188526 0.0
86.48069 -27.583334 0.0
44.615685 -77.70229 0.0
33.49842 -69.48153 0.0
36.356552 -67.62099 0.0
-5.6807456 -70.42781 0.0
-86.62475 39.489075 0.0
-0.9694672 13.442496 0.0
2.1721835 -76.07931 0.0
-46.923496 -26.374846 0.0
-28.651957 33.989952 0.0
136.57129 57.12681 0.0
24.196636 -57.970135 0.0
32.19101 -17.72805 0.0
-6.145218 -81.74426 0.0
32.764206 -78.706345 0.0
-108.099625 -1.2442454 0.0
35.856617 -20.712706 0.0
72.833565 -28.913269 0.0
79.231575 -26.415281 0.0
-12.501971 -5.4661117 0.0
57.89546 -24.421507 0.0
23.71714 -6.005008 0.0
-4.7451854 -82.5493 0.0
-32.868065 -19.953365 0.0
9.268714 -10.465043 0.0
-39.298386 43.002594 0.0
30.997839 -56.842182 0.0
45.91819 -70.514984 0.0
40.819687 44.425415 0.0
119.67041 64.575264 0.0
122.0374 61.7833 0.0
-78.25943 42.043995 0.0
56.324745 -22.470678 0.0
27.123932 2.7974267 0.0
92.311714 64.05284 0.0
40.506943 -71.44667 0.0
-118.9241 36.759407 0.0
-11.684401 6.258267 0.0
43.601868 -75.70666 0.0
100.63674 75.0829 0.0
-1.009126 1.8251531 0.0
113.32294 75.29637 0.0
10.050766 90.6921 0.0
72.5597 -30.832672 0.0
43.72994 -27.163088 0.0
5.139501 -17.390844 0.0
6.2972817 -97.470825 0.0
140.03572 60.914497 0.0
3.010973 -20.609234 0.0
35.05402 -48.414146 0.0
48.89715 64.77456 0.0
10.508796 31.788015 0.0
-1.0428256 -24.398222 0.0
-77.13463 -24.083368 0.0
-69.22894 -30.58555 0.0
14.232024 8.24912 0.0
27.600378 -10.951158 0.0
109.13119 27.451279 0.0
-85.4482 -31.532677 0.0
109.109055 28.587553 0.0
-99.82886 9.847486 0.0
-80.11007 39.99849 0.0
-36.46224 -2.9559991 0.0
-104.742 -49.161453 0.0
18.162397 4.481847 0.0
1.6254232 9.264156 0.0
-16.011066 -50.242657 0.0
11.110486 30.714718 0.0
15.293007 35.32137 0.0
-30.960619 -30.13596 0.0
1.7719939 8.210022 0.0
-106.48543 17.905502 0.0
-1.5523406 27.498947 0.0
49.723873 -32.061977 0.0
35.988792 -80.54841 0.0
43.8754 -24.423737 0.0
-6.9312453 46.872982 0.0
-105.826385 -46.62754 0.0
-107.00224 -4.200285 0.0
-80.63698 -27.474848 0.0
-60.080273 -34.951706 0.0
34.30921 47.007107 0.0
20.538662 7.214804 0.0
10.953868 29.793608 0.0
95.99329 -62.699024 0.0
149.74203 59.994198 0.0
-125.16424 25.277853 0.0
-42.603695 -47.66945 0.0
-92.92793 42.189926 0.0
-107.530945 -31.57536 0.0
-70.84155 28.223572 0.0
31.09681 20.861204 0.0
-40.47061 -101.54463 0.0
3.7572298 -45.385235 0.0
28.816692 36.27128 0.0
-19.77084 -37.74983 0.0
-83.75468 8.489476 0.0
-88.53556 13.960358 0.0
35.363636 15.909362 0.0
-18.489447 0.4176867 0.0
-92.90091 -3.0970383 0.0
71.077065 -36.3147 0.0
33.659027 -22.575212 0.0
124.90691 78.59282 0.0
-98.85178 -18.402744 0.0
-3.8357754 2.8698196 0.0
44.13284 12.443524 0.0
-12.695462 -42.259033 0.0
-51.02733 61.632282 0.0
-91.835915 21.823431 0.0
0.5780339 -25.200205 0.0
0.30842483 -100.447174 0.0
7.7385707 -99.385635 0.0
-27.074512 -58.944996 0.0
-12.167267 -83.42233 0.0
-18.102028 -41.366627 0.0
27.266783 14.410318 0.0
-88.518105 -15.697847 0.0
15.866409 23.531658 0.0
30.057266 -30.478395 0.0
58.604263 -6.9925575 0.0
71.2443 -40.545856 0.0
21.133831 31.616055 0.0
33.540302 64.51449 0.0
37.312428 13.248911 0.0
-85.836464 81.60671 0.0
42.70136 55.068806 0.0
115.38104 66.48343 0.0
117.28587 84.23278 0.0
-96.15275 -20.346685 0.0
-67.08242 -2.2421474 0.0
-104.25637 -32.574154 0.0
-13.116248 -44.10494 0.0
-100.95723 67.69652 0.0
14.829784 88.49197 0.0
-53.59527 47.45993 0.0
-115.20676 28.674538 0.0
69.725716 -2.6715846 0.0
-108.47317 0.8113741 0.0
122.13652 58.180798 0.0
102.45422 66.476036 0.0
139.9446 64.58425 0.0
124.665276 83.34659 0.0
43.939842 -55.275738 0.0
-87.60022 79.73705 0.0
143.34763 79.332214 0.0
-57.29448 29.619553 0.0
-19.64659 -60.738598 0.0
83.74023 -23.719591 0.0
-58.538074 51.514626 0.0
44.784737 21.8094 0.0
47.79498 20.874037 0.0
124.0465 47.612663 0.0
42.263435 56.345013 0.0
-105.403046 -19.06644 0.0
-87.93106 -18.369799 0.0
-92.20156 -25.303404 0.0
8.690306 -105.68537 0.0
1.587367 -109.82086 0.0
6.9384766 -116.43863 0.0
1.6023037 -107.840416 0.0
8.58144 -108.847725 0.0
15.386078 -111.73636 0.0
1.2337877 -111.83873 0.0
1.4796324 -106.93085 0.0
3.5069008 -115.18472 0.0
16.064363 -109.858604 0.0
13.37161 -114.553764 0.0
12.671032 -107.055756 0.0
13.692372 -112.72505 0.0
2.5604317 -110.791695 0.0
6.949845 -113.63639 0.0
-94.06153 -37.982624 0.0
-97.2976 -14.723648 0.0
-92.901955 -17.501184 0.0
-2.5599437 -10.908809 0.0
-100.54576 -25.601683 0.0
-70.83718 39.62702 0.0
-92.00161 6.620759 0.0
-99.133575 -21.48298 0.0
-59.123302 44.298706 0.0
-64.752464 51.645756 0.0
-57.038662 -17.17085 0.0
-59.549633 53.39735 0.0
25.566885 -38.034966 0.0
111.84934 55.45378 0.0
36.41695 88.26404 0.0
36.019825 58.82211 0.0
-24.85822 -47.98512 0.0
116.54555 45.98296 0.0
49.151165 -94.568954 0.0
-54.500046 60.754112 0.0
39.5413 -33.946133 0.0
17.198019 -95.71531 0.0
-38.63551 6.995377 0.0
11.717339 -11.854348 0.0
-104.41067 -26.542408 0.0
-31.359674 42.103863 0.0
86.55084 -28.704779 0.0
31.555555 80.122635 0.0
-5.6877956 87.268364 0.0
149.92442 55.190487 0.0
48.613842 -13.566045 0.0
70.93666 -42.28648 0.0
67.74141 -41.4727 0.0
113.410225 82.02399 0.0
-22.870573 -49.34167 0.0
122.2537 81.49011 0.0
-16.248707 -100.98866 0.0
-23.226799 -64.338905 0.0
-40.83797 -38.937344 0.0
35.730274 -74.594315 0.0
59.858364 -21.486055 0.0
26.666077 28.817894 0.0
0.5011428 -93.53496 0.0
144.96114 61.815712 0.0
-46.768616 18.758938 0.0
-114.2641 24.93603 0.0
33.68304 -57.892937 0.0
58.13959 -10.028535 0.0
-18.618484 -46.047367 0.0
-30.28873 -46.99565 0.0
-2.1538155 -50.223965 0.0
9.709033 65.50769 0.0
-88.161575 -43.680164 0.0
-103.03798 16.822317 0.0
-77.62184 -19.831675 0.0
13.792794 75.98448 0.0
-11.725061 23.530315 0.0
27.694391 74.628654 0.0
-31.622286 33.00827 0.0
-1.7563475 74.019516 0.0
64.81883 -26.235703 0.0
112.34024 72.38865 0.0
-117.21449 34.199104 0.0
15.218796 -88.00582 0.0
42.18532 -56.797504 0.0
40.166893 -69.486786 0.0
46.67245 -74.80426 0.0
41.139973 -77.78002 0.0
38.48993 -79.619705 0.0
-9.306501 -48.384827 0.0
63.204075 40.883465 0.0
36.106277 87.24804 0.0
153.05943 74.262794 0.0
28.746672 53.465546 0.0
38.383614 -58.792835 0.0
135.28828 73.3086 0.0
-28.423092 29.437332 0.0
125.47657 70.31139 0.0
100.151474 72.42201 0.0
113.03343 60.962967 0.0
31.152971 89.748245 0.0
-40.369987 -12.596641 0.0
-68.20486 66.63184 0.0
-40.569805 -45.954586 0.0
142.51071 74.30349 0.0
117.199165 76.37689 0.0
91.841995 53.24603 0.0
54.75527 50.070892 0.0
28.878029 70.13234 0.0
-10.002617 -55.22266 0.0
13.334441 80.14624 0.0
38.17176 -50.190655 0.0
125.71853 86.04394 0.0
97.445885 55.23666 0.0
26.128702 -70.464615 0.0
-45.63725 -29.874409 0.0
20.860424 -63.947254 0.0
-116.70939 14.83601 0.0
5.6092715 -19.532537 0.0
20.85486 59.393536 0.0
-87.764725 -35.150063 0.0
23.486973 87.25188 0.0
41.891563 -61.791687 0.0
11.974283 71.55995 0.0
80.15519 56.100998 0.0
102.52537 83.35556 0.0
-14.091897 -8.107409 0.0
44.660225 59.865982 0.0
-37.32476 -27.338596 0.0
20.199583 17.44829 0.0
39.454296 85.039955 0.0
27.078144 82.120865 0.0
37.00072 -66.46933 0.0
16.095509 64.354965 0.0
60.316402 -45.026962 0.0
55.489563 4.957343 0.0
1.8699211 10.272108 0.0
47.447052 19.771833 0.0
71.14961 -15.656666 0.0
107.421906 64.37867 0.0
7.7161055 74.919235 0.0
39.418884 66.23363 0.0
28.094652 60.39687 0.0
42.559303 -45.346844 0.0
126.71891 81.73817 0.0
27.240534 30.74503 0.0
106.09424 58.167896 0.0
38.92259 -47.09587 0.0
-56.553116 49.049324 0.0
10.09608 32.995487 0.0
-79.111984 77.37615 0.0
-9.564559 29.587193 0.0
-5.083169 -44.176846 0.0
-85.22402 28.282692 0.0
63.651535 -19.434826 0.0
43.07876 -44.37221 0.0
85.56082 -31.861101 0.0
-15.119986 20.426546 0.0
-22.758705 4.340036 0.0
-51.544907 42.14814 0.0
-56.335712 43.415943 0.0
-65.14039 -12.351907 0.0
-9.695459 -112.752106 0.0
5.4825487 22.471737 0.0
3.596822 18.453026 0.0
33.526966 5.24135 0.0
20.656406 79.07475 0.0
35.62369 8.169092 0.0
51.329685 78.00384 0.0
-69.33866 19.097948 0.0
-69.031906 29.459513 0.0
45.974308 6.453909 0.0
42.04906 15.076191 0.0
-92.64964 29.80929 0.0
-1.652171 15.426003 0.0
20.104584 21.93393 0.0
-4.735073 -94.53529 0.0
-4.8037987 -101.89006 0.0
20.593895 -24.778036 0.0
52.83081 -18.099493 0.0
85.73556 -29.828089 0.0
67.67989 -23.40887 0.0
47.49415 -8.984505 0.0
6.7573066 28.738434 0.0
34.043034 21.97834 0.0
16.87747 20.804972 0.0
-64.78761 -18.060274 0.0
36.99411 -43.386353 0.0
-37.67012 -81.29474 0.0
-29.18498 -22.984354 0.0
-18.458141 12.880719 0.0
32.006668 4.044396 0.0
-26.582714 6.1678443 0.0
-90.98615 -22.657207 0.0
-38.367268 12.840354 0.0
-97.08196 54.551548 0.0
73.72784 -25.043255 0.0
7.625566 16.432262 0.0
60.514008 -46.86398 0.0
23.3491 15.581019 0.0
30.138653 12.349935 0.0
38.929363 11.350451 0.0
39.925674 -29.126133 0.0
21.627014 77.55007 0.0
-15.891787 13.670068 0.0
-8.63128 -0.31446856 0.0
19.532526 0.62460405 0.0
19.34526 73.011154 0.0
140.02118 80.33066 0.0
31.970783 17.881716 0.0
6.5462985 62.9652 0.0
15.775045 24.492489 0.0
31.167372 9.30429 0.0
26.687517 10.506796 0.0
53.045227 -68.38482 0.0
-30.307156 36.53377 0.0
-82.58169 55.504913 0.0
25.578663 93.47172 0.0
52.020027 -73.51119 0.0
105.801834 65.56833 0.0
-100.88244 -6.1796103 0.0
74.66033 -2.2234707 0.0
121.443474 93.89571 0.0
85.39738 -22.593304 0.0
-6.639374 -114.77408 0.0
-52.464046 58.405643 0.0
-51.354397 59.269485 0.0
-63.82465 -34.798542 0.0
138.77989 45.08422 0.0
-26.608627 -45.936874 0.0
142.54523 50.316345 0.0
-89.13893 -36.937828 0.0
-35.978863 -10.94765 0.0
-74.498055 49.708275 0.0
-103.70568 -15.163498 0.0
-75.14491 -13.940841 0.0
-57.633476 57.43744 0.0
-68.919334 52.506454 0.0
-66.20364 42.192635 0.0
77.1454 -21.461254 0.0
145.9638 47.85981 0.0
-116.35188 -6.122373 0.0
-119.64305 31.882927 0.0
-61.231583 28.886818 0.0
-68.65441 56.47877 0.0
-32.527275 -20.947681 0.0
3.4318473 67.28132 0.0
-52.97953 38.868847 0.0
4.0401177 -0.38590994 0.0
-19.485363 22.540648 0.0
-31.624594 -54.205475 0.0
123.184 67.45717 0.0
29.390455 -64.90112 0.0
-72.950325 67.590065 0.0
-57.977016 55.563946 0.0
-62.792774 40.395596 0.0
31.862804 -4.1154947 0.0
8.561352 -1.4117637 0.0
0.55917966 3.9395273 0.0
-115.05525 -4.402844 0.0
13.190235 -98.44636 0.0
12.385102 -92.69919 0.0
-9.583385 -108.738556 0.0
50.506035 85.916626 0.0
28.548508 86.11621 0.0
7.031216 -91.68735 0.0
4.129165 -87.0831 0.0
-0.91056347 -21.719835 0.0
-23.933315 -44.262398 0.0
81.91329 42.157574 0.0
78.70148 -0.45912656 0.0
-30.040012 -41.54029 0.0
6.1560154 -5.8439493 0.0
72.027435 -44.289886 0.0
15.7041 10.322773 0.0
-62.759003 24.931602 0.0
-1.4404638 32.903667 0.0
50.19781 -25.412863 0.0
-4.57674 -19.770588 0.0
