0 50 1.0
0 71 1.0
0 76 1.0
0 77 1.0
0 1 1.0
0 89 1.0
0 91 1.0
0 157 1.0
0 158 1.0
0 52 1.0
0 144 1.0
1 112 1.0
1 68 1.0
1 70 1.0
1 76 1.0
1 88 1.0
1 90 1.0
1 157 1.0
1 14 1.0
1 53 1.0
1 117 1.0
1 118 1.0
1 144 1.0
1 158 1.0
2 46 1.0
2 77 1.0
2 8 1.0
2 16 1.0
2 20 1.0
2 92 1.0
2 93 1.0
2 22 1.0
2 120 1.0
2 124 1.0
2 130 1.0
2 30 1.0
2 117 1.0
2 119 1.0
2 169 1.0
3 59 1.0
3 76 1.0
3 9 1.0
3 15 1.0
3 17 1.0
3 21 1.0
3 92 1.0
3 93 1.0
3 23 1.0
3 96 1.0
3 121 1.0
3 125 1.0
3 131 1.0
3 31 1.0
3 302 1.0
3 89 1.0
3 117 1.0
3 119 1.0
3 170 1.0
4 6 1.0
4 221 1.0
4 22 1.0
4 100 1.0
4 304 1.0
4 10 1.0
4 28 1.0
4 39 1.0
5 23 1.0
5 101 1.0
5 304 1.0
5 7 1.0
5 11 1.0
5 17 1.0
5 40 1.0
5 221 1.0
6 77 1.0
6 120 1.0
6 98 1.0
6 99 1.0
6 100 1.0
6 101 1.0
6 26 1.0
6 304 1.0
6 8 1.0
6 12 1.0
6 32 1.0
6 39 1.0
6 142 1.0
7 76 1.0
7 120 1.0
7 121 1.0
7 98 1.0
7 99 1.0
7 100 1.0
7 101 1.0
7 25 1.0
7 43 1.0
7 304 1.0
7 9 1.0
7 13 1.0
7 31 1.0
7 33 1.0
7 40 1.0
7 89 1.0
8 22 1.0
8 120 1.0
8 36 1.0
8 304 1.0
8 14 1.0
8 16 1.0
8 20 1.0
8 221 1.0
9 15 1.0
9 23 1.0
9 121 1.0
9 304 1.0
9 17 1.0
9 21 1.0
9 37 1.0
9 221 1.0
10 68 1.0
10 18 1.0
10 90 1.0
10 22 1.0
10 25 1.0
10 26 1.0
10 28 1.0
11 40 1.0
11 93 1.0
11 117 1.0
11 23 1.0
11 24 1.0
11 25 1.0
11 26 1.0
11 29 1.0
12 142 1.0
12 76 1.0
12 18 1.0
12 20 1.0
12 92 1.0
12 117 1.0
12 98 1.0
12 99 1.0
12 26 1.0
12 27 1.0
12 42 1.0
13 143 1.0
13 17 1.0
13 19 1.0
13 21 1.0
13 117 1.0
13 98 1.0
13 25 1.0
13 27 1.0
13 31 1.0
13 33 1.0
14 20 1.0
14 88 1.0
14 117 1.0
14 22 1.0
14 25 1.0
14 26 1.0
14 27 1.0
14 30 1.0
15 21 1.0
15 89 1.0
15 117 1.0
15 23 1.0
15 25 1.0
15 26 1.0
15 27 1.0
15 31 1.0
15 43 1.0
16 77 1.0
16 39 1.0
16 90 1.0
16 120 1.0
16 121 1.0
16 98 1.0
16 100 1.0
16 25 1.0
16 127 1.0
16 138 1.0
16 139 1.0
16 107 1.0
16 34 1.0
16 142 1.0
17 76 1.0
17 77 1.0
17 40 1.0
17 91 1.0
17 121 1.0
17 98 1.0
17 99 1.0
17 101 1.0
17 26 1.0
17 138 1.0
17 139 1.0
17 106 1.0
17 107 1.0
17 47 1.0
17 102 1.0
17 119 1.0
17 143 1.0
18 93 1.0
18 121 1.0
18 132 1.0
18 22 1.0
18 39 1.0
18 117 1.0
19 92 1.0
19 93 1.0
19 120 1.0
19 125 1.0
19 133 1.0
19 23 1.0
19 40 1.0
19 117 1.0
20 92 1.0
20 117 1.0
20 22 1.0
20 101 1.0
20 104 1.0
20 44 1.0
20 46 1.0
21 93 1.0
21 117 1.0
21 23 1.0
21 100 1.0
21 26 1.0
21 105 1.0
21 43 1.0
22 28 1.0
22 30 1.0
22 39 1.0
22 46 1.0
22 60 1.0
22 117 1.0
22 140 1.0
22 221 1.0
23 29 1.0
23 31 1.0
23 43 1.0
23 117 1.0
23 141 1.0
23 156 1.0
23 221 1.0
24 90 1.0
24 91 1.0
24 304 1.0
24 29 1.0
24 41 1.0
24 134 1.0
24 135 1.0
25 304 1.0
25 28 1.0
25 30 1.0
26 304 1.0
26 29 1.0
26 30 1.0
26 31 1.0
26 117 1.0
26 125 1.0
27 139 1.0
27 304 1.0
27 30 1.0
27 31 1.0
27 97 1.0
27 117 1.0
27 136 1.0
27 137 1.0
27 198 1.0
28 121 1.0
28 304 1.0
28 39 1.0
28 172 1.0
29 101 1.0
29 35 1.0
29 304 1.0
29 40 1.0
29 173 1.0
30 304 1.0
31 100 1.0
31 304 1.0
32 72 1.0
32 39 1.0
32 93 1.0
32 121 1.0
32 130 1.0
32 135 1.0
32 42 1.0
32 142 1.0
33 73 1.0
33 40 1.0
33 93 1.0
33 98 1.0
33 99 1.0
33 160 1.0
33 128 1.0
33 131 1.0
33 134 1.0
33 43 1.0
34 77 1.0
34 90 1.0
34 121 1.0
34 100 1.0
34 138 1.0
34 139 1.0
34 39 1.0
35 76 1.0
35 77 1.0
35 91 1.0
35 120 1.0
35 101 1.0
35 138 1.0
35 139 1.0
35 40 1.0
36 73 1.0
36 77 1.0
36 88 1.0
36 90 1.0
36 117 1.0
36 119 1.0
36 120 1.0
36 101 1.0
36 132 1.0
36 107 1.0
37 70 1.0
37 76 1.0
37 89 1.0
37 91 1.0
37 120 1.0
37 121 1.0
37 100 1.0
37 132 1.0
37 133 1.0
37 106 1.0
37 117 1.0
37 119 1.0
38 76 1.0
38 77 1.0
38 99 1.0
38 302 1.0
38 46 1.0
39 77 1.0
39 90 1.0
39 92 1.0
39 93 1.0
39 119 1.0
39 100 1.0
39 159 1.0
39 125 1.0
39 129 1.0
39 134 1.0
39 117 1.0
39 142 1.0
39 169 1.0
40 76 1.0
40 173 1.0
40 91 1.0
40 92 1.0
40 93 1.0
40 120 1.0
40 101 1.0
40 160 1.0
40 124 1.0
40 128 1.0
40 135 1.0
40 117 1.0
40 119 1.0
40 143 1.0
40 170 1.0
41 188 1.0
41 304 1.0
41 53 1.0
41 171 1.0
41 215 1.0
41 216 1.0
42 68 1.0
42 72 1.0
42 76 1.0
42 81 1.0
42 88 1.0
42 92 1.0
42 157 1.0
42 118 1.0
42 144 1.0
42 159 1.0
43 69 1.0
43 72 1.0
43 73 1.0
43 77 1.0
43 89 1.0
43 93 1.0
43 158 1.0
43 99 1.0
43 131 1.0
43 45 1.0
43 118 1.0
43 160 1.0
44 140 1.0
44 54 1.0
44 68 1.0
44 88 1.0
44 118 1.0
44 136 1.0
44 60 1.0
44 84 1.0
45 141 1.0
45 113 1.0
45 55 1.0
45 61 1.0
45 69 1.0
45 85 1.0
45 192 1.0
45 89 1.0
45 158 1.0
45 118 1.0
45 134 1.0
45 137 1.0
45 56 1.0
45 78 1.0
45 83 1.0
45 117 1.0
46 108 1.0
46 50 1.0
46 51 1.0
46 57 1.0
46 60 1.0
46 70 1.0
46 71 1.0
46 72 1.0
46 74 1.0
46 75 1.0
46 80 1.0
46 81 1.0
46 84 1.0
46 138 1.0
46 184 1.0
47 109 1.0
47 51 1.0
47 57 1.0
47 61 1.0
47 71 1.0
47 72 1.0
47 73 1.0
47 74 1.0
47 75 1.0
47 79 1.0
47 81 1.0
47 87 1.0
47 215 1.0
47 92 1.0
47 93 1.0
48 53 1.0
48 112 1.0
48 57 1.0
48 82 1.0
49 113 1.0
49 57 1.0
49 52 1.0
49 83 1.0
50 112 1.0
50 57 1.0
50 70 1.0
50 72 1.0
50 153 1.0
50 91 1.0
50 95 1.0
50 126 1.0
50 127 1.0
50 139 1.0
50 53 1.0
50 54 1.0
50 55 1.0
50 56 1.0
50 58 1.0
50 60 1.0
50 62 1.0
50 66 1.0
50 86 1.0
50 87 1.0
50 108 1.0
50 122 1.0
50 140 1.0
50 177 1.0
50 184 1.0
50 198 1.0
50 199 1.0
51 71 1.0
51 73 1.0
51 76 1.0
51 88 1.0
51 90 1.0
51 94 1.0
51 95 1.0
51 126 1.0
51 138 1.0
51 165 1.0
51 54 1.0
51 55 1.0
51 56 1.0
51 57 1.0
51 59 1.0
51 61 1.0
51 67 1.0
51 84 1.0
51 86 1.0
51 87 1.0
51 109 1.0
51 123 1.0
51 127 1.0
51 140 1.0
51 153 1.0
51 154 1.0
51 159 1.0
51 177 1.0
51 183 1.0
51 198 1.0
51 199 1.0
52 56 1.0
52 59 1.0
52 69 1.0
52 90 1.0
52 91 1.0
52 302 1.0
53 108 1.0
53 57 1.0
53 90 1.0
53 302 1.0
53 58 1.0
54 108 1.0
54 56 1.0
54 62 1.0
54 77 1.0
54 197 1.0
54 88 1.0
54 117 1.0
54 94 1.0
54 134 1.0
54 136 1.0
54 82 1.0
54 84 1.0
54 112 1.0
54 118 1.0
54 157 1.0
54 176 1.0
54 177 1.0
55 109 1.0
55 76 1.0
55 77 1.0
55 197 1.0
55 89 1.0
55 95 1.0
55 135 1.0
55 137 1.0
55 83 1.0
55 85 1.0
55 113 1.0
55 117 1.0
55 118 1.0
55 157 1.0
55 158 1.0
55 176 1.0
55 177 1.0
56 108 1.0
56 112 1.0
56 113 1.0
56 86 1.0
56 87 1.0
56 89 1.0
56 62 1.0
56 63 1.0
56 82 1.0
56 83 1.0
57 108 1.0
57 109 1.0
57 112 1.0
57 113 1.0
57 83 1.0
57 86 1.0
57 87 1.0
57 62 1.0
58 108 1.0
58 66 1.0
58 82 1.0
58 110 1.0
59 109 1.0
59 85 1.0
59 111 1.0
60 108 1.0
60 66 1.0
60 70 1.0
60 72 1.0
60 74 1.0
60 75 1.0
60 88 1.0
60 94 1.0
60 118 1.0
60 176 1.0
60 177 1.0
61 141 1.0
61 109 1.0
61 71 1.0
61 73 1.0
61 74 1.0
61 75 1.0
61 77 1.0
61 177 1.0
61 192 1.0
61 89 1.0
61 160 1.0
61 63 1.0
61 156 1.0
61 176 1.0
62 112 1.0
62 66 1.0
62 86 1.0
62 87 1.0
63 109 1.0
63 86 1.0
63 87 1.0
64 66 1.0
64 219 1.0
65 67 1.0
65 177 1.0
65 220 1.0
65 111 1.0
65 176 1.0
66 108 1.0
66 110 1.0
66 159 1.0
66 176 1.0
66 219 1.0
67 109 1.0
67 111 1.0
67 83 1.0
67 220 1.0
68 70 1.0
68 75 1.0
68 76 1.0
68 88 1.0
68 90 1.0
68 118 1.0
68 197 1.0
69 113 1.0
69 71 1.0
69 77 1.0
69 89 1.0
69 91 1.0
69 117 1.0
69 197 1.0
70 145 1.0
70 224 1.0
70 185 1.0
70 225 1.0
70 226 1.0
70 227 1.0
70 228 1.0
70 229 1.0
70 71 1.0
70 72 1.0
70 74 1.0
70 76 1.0
70 149 1.0
70 233 1.0
70 234 1.0
70 235 1.0
70 236 1.0
70 237 1.0
70 238 1.0
70 186 1.0
70 187 1.0
70 239 1.0
70 241 1.0
70 202 1.0
70 178 1.0
70 216 1.0
70 161 1.0
70 163 1.0
70 248 1.0
70 249 1.0
70 194 1.0
70 250 1.0
70 251 1.0
70 252 1.0
70 253 1.0
70 254 1.0
70 196 1.0
70 73 1.0
70 80 1.0
70 86 1.0
70 90 1.0
70 92 1.0
70 93 1.0
70 94 1.0
70 95 1.0
70 102 1.0
70 126 1.0
70 135 1.0
70 142 1.0
70 143 1.0
70 144 1.0
70 148 1.0
70 153 1.0
70 154 1.0
70 159 1.0
70 173 1.0
70 180 1.0
70 183 1.0
70 184 1.0
70 191 1.0
70 192 1.0
70 197 1.0
70 199 1.0
70 203 1.0
70 206 1.0
70 207 1.0
70 208 1.0
70 211 1.0
70 214 1.0
70 215 1.0
70 222 1.0
71 143 1.0
71 145 1.0
71 224 1.0
71 185 1.0
71 225 1.0
71 226 1.0
71 227 1.0
71 228 1.0
71 229 1.0
71 73 1.0
71 75 1.0
71 77 1.0
71 149 1.0
71 233 1.0
71 234 1.0
71 235 1.0
71 236 1.0
71 237 1.0
71 238 1.0
71 186 1.0
71 187 1.0
71 239 1.0
71 241 1.0
71 203 1.0
71 179 1.0
71 215 1.0
71 157 1.0
71 161 1.0
71 162 1.0
71 248 1.0
71 249 1.0
71 194 1.0
71 250 1.0
71 251 1.0
71 252 1.0
71 253 1.0
71 254 1.0
71 196 1.0
71 72 1.0
71 81 1.0
71 91 1.0
71 92 1.0
71 93 1.0
71 103 1.0
71 127 1.0
71 134 1.0
71 140 1.0
71 142 1.0
71 144 1.0
71 148 1.0
71 153 1.0
71 154 1.0
71 160 1.0
71 172 1.0
71 181 1.0
71 183 1.0
71 191 1.0
71 192 1.0
71 199 1.0
71 202 1.0
71 206 1.0
71 207 1.0
71 214 1.0
71 216 1.0
71 217 1.0
71 218 1.0
71 223 1.0
72 145 1.0
72 224 1.0
72 226 1.0
72 227 1.0
72 228 1.0
72 229 1.0
72 73 1.0
72 75 1.0
72 77 1.0
72 116 1.0
72 236 1.0
72 177 1.0
72 248 1.0
72 252 1.0
72 255 1.0
72 275 1.0
72 305 1.0
72 74 1.0
72 79 1.0
72 80 1.0
72 81 1.0
72 84 1.0
72 94 1.0
72 95 1.0
72 114 1.0
72 140 1.0
72 141 1.0
72 144 1.0
72 146 1.0
72 147 1.0
72 148 1.0
72 153 1.0
72 154 1.0
72 155 1.0
72 156 1.0
72 171 1.0
72 184 1.0
72 191 1.0
72 192 1.0
72 197 1.0
72 199 1.0
72 215 1.0
72 216 1.0
72 221 1.0
73 145 1.0
73 224 1.0
73 226 1.0
73 227 1.0
73 228 1.0
73 229 1.0
73 74 1.0
73 76 1.0
73 116 1.0
73 236 1.0
73 176 1.0
73 248 1.0
73 252 1.0
73 255 1.0
73 275 1.0
73 305 1.0
73 75 1.0
73 78 1.0
73 80 1.0
73 81 1.0
73 85 1.0
73 90 1.0
73 94 1.0
73 95 1.0
73 110 1.0
73 140 1.0
73 141 1.0
73 144 1.0
73 147 1.0
73 153 1.0
73 154 1.0
73 155 1.0
73 156 1.0
73 159 1.0
73 160 1.0
73 171 1.0
73 184 1.0
73 191 1.0
73 192 1.0
73 215 1.0
73 216 1.0
73 217 1.0
73 218 1.0
73 221 1.0
74 145 1.0
74 224 1.0
74 185 1.0
74 227 1.0
74 228 1.0
74 75 1.0
74 149 1.0
74 233 1.0
74 234 1.0
74 235 1.0
74 236 1.0
74 186 1.0
74 187 1.0
74 240 1.0
74 199 1.0
74 202 1.0
74 214 1.0
74 215 1.0
74 161 1.0
74 162 1.0
74 249 1.0
74 250 1.0
74 251 1.0
74 253 1.0
74 254 1.0
74 76 1.0
74 78 1.0
74 80 1.0
74 110 1.0
74 144 1.0
74 148 1.0
74 153 1.0
74 154 1.0
74 160 1.0
74 176 1.0
74 177 1.0
74 203 1.0
74 206 1.0
74 207 1.0
74 211 1.0
74 216 1.0
74 222 1.0
75 145 1.0
75 224 1.0
75 185 1.0
75 227 1.0
75 228 1.0
75 149 1.0
75 233 1.0
75 234 1.0
75 235 1.0
75 236 1.0
75 186 1.0
75 187 1.0
75 240 1.0
75 199 1.0
75 203 1.0
75 214 1.0
75 216 1.0
75 161 1.0
75 163 1.0
75 249 1.0
75 250 1.0
75 251 1.0
75 253 1.0
75 254 1.0
75 77 1.0
75 79 1.0
75 81 1.0
75 90 1.0
75 110 1.0
75 111 1.0
75 143 1.0
75 144 1.0
75 148 1.0
75 153 1.0
75 154 1.0
75 169 1.0
75 191 1.0
75 202 1.0
75 204 1.0
75 207 1.0
75 215 1.0
75 217 1.0
75 218 1.0
75 223 1.0
76 145 1.0
76 225 1.0
76 226 1.0
76 149 1.0
76 233 1.0
76 234 1.0
76 235 1.0
76 239 1.0
76 198 1.0
76 215 1.0
76 161 1.0
76 162 1.0
76 164 1.0
76 250 1.0
76 251 1.0
76 252 1.0
76 254 1.0
76 168 1.0
76 275 1.0
76 81 1.0
76 90 1.0
76 91 1.0
76 114 1.0
76 119 1.0
76 140 1.0
76 141 1.0
76 142 1.0
76 154 1.0
76 157 1.0
76 159 1.0
76 169 1.0
76 183 1.0
76 192 1.0
76 197 1.0
76 216 1.0
77 145 1.0
77 225 1.0
77 226 1.0
77 149 1.0
77 233 1.0
77 234 1.0
77 235 1.0
77 239 1.0
77 198 1.0
77 216 1.0
77 161 1.0
77 163 1.0
77 164 1.0
77 250 1.0
77 251 1.0
77 252 1.0
77 254 1.0
77 168 1.0
77 275 1.0
77 80 1.0
77 90 1.0
77 110 1.0
77 114 1.0
77 116 1.0
77 119 1.0
77 143 1.0
77 148 1.0
77 154 1.0
77 157 1.0
77 158 1.0
77 160 1.0
77 191 1.0
77 197 1.0
77 215 1.0
77 217 1.0
77 218 1.0
78 147 1.0
78 79 1.0
78 80 1.0
78 81 1.0
78 85 1.0
78 192 1.0
78 220 1.0
78 95 1.0
78 118 1.0
78 135 1.0
78 137 1.0
78 167 1.0
78 110 1.0
78 156 1.0
78 172 1.0
78 173 1.0
78 204 1.0
79 144 1.0
79 146 1.0
79 80 1.0
79 81 1.0
79 191 1.0
79 219 1.0
79 157 1.0
79 118 1.0
79 134 1.0
79 136 1.0
79 167 1.0
79 110 1.0
79 147 1.0
79 155 1.0
79 204 1.0
79 205 1.0
79 209 1.0
80 147 1.0
80 177 1.0
80 215 1.0
80 216 1.0
80 218 1.0
80 220 1.0
80 156 1.0
80 119 1.0
80 163 1.0
80 81 1.0
80 95 1.0
80 110 1.0
80 141 1.0
80 144 1.0
80 160 1.0
80 173 1.0
80 176 1.0
80 202 1.0
80 217 1.0
80 221 1.0
80 223 1.0
81 146 1.0
81 171 1.0
81 176 1.0
81 215 1.0
81 216 1.0
81 217 1.0
81 219 1.0
81 162 1.0
81 111 1.0
81 140 1.0
81 143 1.0
81 148 1.0
81 155 1.0
81 156 1.0
81 172 1.0
81 203 1.0
81 218 1.0
81 221 1.0
81 222 1.0
82 140 1.0
82 112 1.0
82 84 1.0
83 113 1.0
83 85 1.0
83 156 1.0
83 118 1.0
83 109 1.0
84 88 1.0
84 135 1.0
84 176 1.0
84 177 1.0
85 89 1.0
85 118 1.0
85 137 1.0
85 176 1.0
86 108 1.0
86 109 1.0
86 112 1.0
86 88 1.0
86 87 1.0
87 109 1.0
87 112 1.0
87 113 1.0
87 108 1.0
88 89 1.0
88 96 1.0
88 97 1.0
88 120 1.0
88 121 1.0
88 98 1.0
88 99 1.0
88 100 1.0
88 101 1.0
88 128 1.0
88 138 1.0
88 139 1.0
88 106 1.0
88 107 1.0
88 90 1.0
88 112 1.0
88 117 1.0
88 118 1.0
88 142 1.0
88 144 1.0
88 197 1.0
89 96 1.0
89 120 1.0
89 121 1.0
89 98 1.0
89 99 1.0
89 100 1.0
89 101 1.0
89 127 1.0
89 128 1.0
89 129 1.0
89 130 1.0
89 138 1.0
89 139 1.0
89 106 1.0
89 107 1.0
89 91 1.0
89 97 1.0
89 113 1.0
89 117 1.0
89 118 1.0
89 144 1.0
89 192 1.0
89 197 1.0
90 107 1.0
90 94 1.0
90 112 1.0
90 117 1.0
90 119 1.0
90 157 1.0
90 199 1.0
91 117 1.0
91 138 1.0
91 95 1.0
91 113 1.0
91 119 1.0
91 158 1.0
92 94 1.0
92 95 1.0
92 97 1.0
92 123 1.0
92 134 1.0
92 138 1.0
92 139 1.0
92 107 1.0
93 141 1.0
93 135 1.0
93 138 1.0
93 139 1.0
93 106 1.0
93 107 1.0
93 183 1.0
94 119 1.0
94 98 1.0
94 99 1.0
94 123 1.0
94 127 1.0
94 102 1.0
94 103 1.0
94 139 1.0
94 106 1.0
94 304 1.0
94 114 1.0
94 115 1.0
94 126 1.0
94 140 1.0
94 155 1.0
94 165 1.0
94 176 1.0
95 141 1.0
95 114 1.0
95 119 1.0
95 98 1.0
95 99 1.0
95 123 1.0
95 102 1.0
95 103 1.0
95 138 1.0
95 139 1.0
95 304 1.0
95 115 1.0
95 126 1.0
95 127 1.0
95 155 1.0
95 156 1.0
95 177 1.0
95 192 1.0
95 197 1.0
96 98 1.0
96 100 1.0
96 127 1.0
96 131 1.0
96 137 1.0
96 139 1.0
96 304 1.0
96 106 1.0
96 142 1.0
97 120 1.0
97 99 1.0
97 101 1.0
97 126 1.0
97 130 1.0
97 138 1.0
97 107 1.0
97 304 1.0
97 141 1.0
97 142 1.0
98 121 1.0
98 99 1.0
98 122 1.0
98 304 1.0
98 119 1.0
98 142 1.0
98 159 1.0
98 160 1.0
99 114 1.0
99 120 1.0
99 304 1.0
99 119 1.0
99 122 1.0
99 123 1.0
99 124 1.0
99 143 1.0
99 159 1.0
99 160 1.0
100 120 1.0
100 121 1.0
100 304 1.0
100 159 1.0
100 160 1.0
101 120 1.0
101 133 1.0
101 304 1.0
101 160 1.0
102 123 1.0
102 139 1.0
102 135 1.0
102 197 1.0
102 200 1.0
103 138 1.0
103 134 1.0
103 143 1.0
103 197 1.0
103 201 1.0
104 305 1.0
105 305 1.0
105 142 1.0
106 221 1.0
106 121 1.0
106 139 1.0
106 304 1.0
106 119 1.0
106 140 1.0
106 200 1.0
106 201 1.0
107 120 1.0
107 138 1.0
107 304 1.0
107 115 1.0
107 119 1.0
107 141 1.0
108 140 1.0
108 110 1.0
108 176 1.0
108 155 1.0
108 219 1.0
109 141 1.0
109 156 1.0
109 111 1.0
109 220 1.0
110 169 1.0
110 146 1.0
110 147 1.0
110 219 1.0
110 155 1.0
110 136 1.0
110 302 1.0
111 146 1.0
111 147 1.0
111 176 1.0
111 177 1.0
111 156 1.0
111 160 1.0
111 302 1.0
112 177 1.0
113 176 1.0
114 171 1.0
114 197 1.0
114 179 1.0
114 182 1.0
114 220 1.0
114 127 1.0
114 131 1.0
114 305 1.0
114 119 1.0
114 122 1.0
114 123 1.0
114 157 1.0
114 158 1.0
114 178 1.0
114 198 1.0
114 199 1.0
115 197 1.0
115 178 1.0
115 182 1.0
115 191 1.0
115 219 1.0
115 126 1.0
115 135 1.0
115 138 1.0
115 139 1.0
115 305 1.0
115 119 1.0
115 122 1.0
115 123 1.0
115 143 1.0
115 158 1.0
115 179 1.0
115 198 1.0
115 199 1.0
115 221 1.0
116 145 1.0
116 147 1.0
116 233 1.0
116 152 1.0
116 188 1.0
116 192 1.0
116 223 1.0
116 161 1.0
116 163 1.0
116 195 1.0
116 304 1.0
116 119 1.0
116 146 1.0
116 191 1.0
116 198 1.0
116 215 1.0
116 216 1.0
116 217 1.0
116 218 1.0
116 219 1.0
116 220 1.0
116 269 1.0
116 272 1.0
117 302 1.0
117 142 1.0
117 143 1.0
117 198 1.0
118 144 1.0
118 197 1.0
118 176 1.0
118 157 1.0
118 158 1.0
118 160 1.0
119 120 1.0
119 138 1.0
119 139 1.0
119 183 1.0
119 215 1.0
120 304 1.0
120 170 1.0
121 304 1.0
121 169 1.0
122 160 1.0
122 304 1.0
122 127 1.0
122 157 1.0
122 165 1.0
122 183 1.0
122 198 1.0
122 199 1.0
123 304 1.0
123 198 1.0
123 199 1.0
124 304 1.0
124 142 1.0
124 158 1.0
124 184 1.0
125 159 1.0
125 304 1.0
125 157 1.0
125 184 1.0
125 201 1.0
126 159 1.0
126 136 1.0
126 165 1.0
126 172 1.0
126 212 1.0
127 159 1.0
127 137 1.0
127 165 1.0
127 173 1.0
127 197 1.0
127 213 1.0
128 305 1.0
128 170 1.0
129 305 1.0
129 142 1.0
130 305 1.0
130 159 1.0
131 305 1.0
132 305 1.0
132 159 1.0
132 171 1.0
132 215 1.0
133 305 1.0
133 216 1.0
134 304 1.0
134 197 1.0
134 201 1.0
135 304 1.0
135 142 1.0
135 197 1.0
135 198 1.0
135 200 1.0
136 213 1.0
136 304 1.0
136 159 1.0
136 197 1.0
136 212 1.0
137 212 1.0
137 304 1.0
137 197 1.0
137 213 1.0
138 304 1.0
139 304 1.0
139 201 1.0
140 154 1.0
140 142 1.0
140 159 1.0
140 191 1.0
141 143 1.0
141 160 1.0
142 172 1.0
142 153 1.0
142 155 1.0
142 157 1.0
142 158 1.0
142 159 1.0
142 143 1.0
142 173 1.0
143 153 1.0
143 154 1.0
143 157 1.0
143 158 1.0
143 160 1.0
143 171 1.0
143 173 1.0
144 197 1.0
144 215 1.0
144 216 1.0
144 191 1.0
144 192 1.0
145 149 1.0
145 167 1.0
145 304 1.0
145 150 1.0
145 215 1.0
145 216 1.0
146 147 1.0
146 148 1.0
146 176 1.0
146 178 1.0
146 219 1.0
146 165 1.0
146 274 1.0
146 304 1.0
146 156 1.0
146 177 1.0
146 204 1.0
146 270 1.0
146 271 1.0
147 148 1.0
147 177 1.0
147 179 1.0
147 219 1.0
147 274 1.0
147 304 1.0
147 217 1.0
147 218 1.0
147 220 1.0
147 270 1.0
147 271 1.0
148 186 1.0
148 198 1.0
148 204 1.0
148 205 1.0
148 215 1.0
148 216 1.0
148 217 1.0
148 218 1.0
148 191 1.0
148 192 1.0
148 219 1.0
148 220 1.0
148 249 1.0
148 305 1.0
148 214 1.0
149 167 1.0
149 168 1.0
149 304 1.0
149 152 1.0
149 171 1.0
150 225 1.0
150 152 1.0
150 167 1.0
150 168 1.0
150 275 1.0
150 276 1.0
150 304 1.0
151 226 1.0
151 152 1.0
151 244 1.0
151 168 1.0
151 275 1.0
151 276 1.0
151 277 1.0
151 304 1.0
151 197 1.0
151 215 1.0
151 216 1.0
151 221 1.0
152 167 1.0
152 168 1.0
152 304 1.0
152 164 1.0
152 165 1.0
152 166 1.0
152 217 1.0
152 218 1.0
152 219 1.0
152 220 1.0
152 233 1.0
152 250 1.0
152 251 1.0
152 267 1.0
152 269 1.0
153 197 1.0
153 154 1.0
153 183 1.0
153 216 1.0
154 197 1.0
154 215 1.0
154 165 1.0
154 305 1.0
155 169 1.0
155 191 1.0
155 176 1.0
156 177 1.0
156 215 1.0
156 216 1.0
156 192 1.0
156 217 1.0
156 218 1.0
156 220 1.0
157 200 1.0
157 199 1.0
157 191 1.0
157 198 1.0
158 201 1.0
158 192 1.0
158 198 1.0
158 199 1.0
159 169 1.0
159 200 1.0
159 304 1.0
159 219 1.0
160 201 1.0
160 304 1.0
160 177 1.0
161 250 1.0
161 165 1.0
161 176 1.0
161 177 1.0
161 221 1.0
162 305 1.0
162 176 1.0
162 177 1.0
163 305 1.0
164 250 1.0
164 165 1.0
164 167 1.0
164 304 1.0
165 250 1.0
165 251 1.0
165 167 1.0
165 168 1.0
165 304 1.0
165 197 1.0
166 244 1.0
166 250 1.0
166 268 1.0
166 168 1.0
166 275 1.0
166 304 1.0
167 304 1.0
167 219 1.0
167 220 1.0
167 233 1.0
167 250 1.0
167 267 1.0
167 268 1.0
167 269 1.0
168 226 1.0
168 304 1.0
168 225 1.0
168 233 1.0
168 250 1.0
168 251 1.0
168 269 1.0
169 172 1.0
169 215 1.0
169 216 1.0
169 183 1.0
170 173 1.0
170 216 1.0
171 172 1.0
171 173 1.0
171 215 1.0
171 216 1.0
171 221 1.0
171 182 1.0
172 176 1.0
172 215 1.0
172 217 1.0
172 218 1.0
172 302 1.0
173 177 1.0
173 215 1.0
173 216 1.0
173 217 1.0
173 218 1.0
173 184 1.0
174 305 1.0
175 305 1.0
176 228 1.0
176 236 1.0
176 177 1.0
176 254 1.0
176 268 1.0
176 271 1.0
176 304 1.0
176 210 1.0
176 219 1.0
177 228 1.0
177 236 1.0
177 237 1.0
177 241 1.0
177 218 1.0
177 220 1.0
177 253 1.0
177 254 1.0
177 268 1.0
177 269 1.0
177 271 1.0
177 304 1.0
177 211 1.0
177 267 1.0
177 272 1.0
178 197 1.0
178 179 1.0
178 215 1.0
178 182 1.0
178 221 1.0
178 257 1.0
178 305 1.0
179 197 1.0
179 216 1.0
179 182 1.0
179 221 1.0
179 257 1.0
179 305 1.0
179 211 1.0
180 197 1.0
180 216 1.0
180 181 1.0
180 305 1.0
181 197 1.0
181 215 1.0
181 305 1.0
182 197 1.0
182 215 1.0
182 221 1.0
182 305 1.0
184 197 1.0
185 234 1.0
185 186 1.0
185 187 1.0
185 273 1.0
185 274 1.0
185 304 1.0
185 194 1.0
185 243 1.0
186 187 1.0
186 188 1.0
186 274 1.0
186 195 1.0
186 304 1.0
186 194 1.0
186 198 1.0
186 204 1.0
186 238 1.0
187 188 1.0
187 274 1.0
187 195 1.0
187 304 1.0
187 189 1.0
187 194 1.0
187 209 1.0
187 221 1.0
188 274 1.0
188 195 1.0
188 304 1.0
188 189 1.0
188 190 1.0
188 194 1.0
188 198 1.0
188 238 1.0
188 242 1.0
188 243 1.0
188 249 1.0
188 258 1.0
188 259 1.0
189 218 1.0
189 304 1.0
189 198 1.0
190 304 1.0
191 244 1.0
191 199 1.0
191 216 1.0
191 220 1.0
191 305 1.0
192 244 1.0
192 199 1.0
192 215 1.0
192 216 1.0
192 219 1.0
192 305 1.0
192 198 1.0
193 305 1.0
193 217 1.0
193 218 1.0
193 222 1.0
193 223 1.0
193 269 1.0
194 243 1.0
194 202 1.0
194 215 1.0
194 216 1.0
194 249 1.0
194 195 1.0
194 196 1.0
194 304 1.0
194 197 1.0
194 206 1.0
194 207 1.0
194 208 1.0
194 209 1.0
194 222 1.0
194 223 1.0
194 259 1.0
195 304 1.0
195 217 1.0
195 218 1.0
195 272 1.0
196 304 1.0
196 272 1.0
197 239 1.0
197 240 1.0
197 241 1.0
197 243 1.0
197 215 1.0
197 221 1.0
197 259 1.0
197 204 1.0
197 205 1.0
197 208 1.0
197 209 1.0
197 211 1.0
197 216 1.0
198 199 1.0
198 304 1.0
198 305 1.0
198 219 1.0
198 220 1.0
198 270 1.0
198 271 1.0
199 219 1.0
199 220 1.0
199 270 1.0
199 271 1.0
202 206 1.0
202 217 1.0
202 222 1.0
202 208 1.0
202 214 1.0
202 216 1.0
203 214 1.0
203 216 1.0
203 221 1.0
203 222 1.0
203 209 1.0
203 215 1.0
204 205 1.0
204 206 1.0
204 207 1.0
204 219 1.0
205 206 1.0
205 207 1.0
205 219 1.0
206 207 1.0
206 215 1.0
207 215 1.0
207 216 1.0
208 215 1.0
208 209 1.0
209 216 1.0
211 216 1.0
214 218 1.0
214 217 1.0
215 225 1.0
215 233 1.0
215 239 1.0
215 240 1.0
215 241 1.0
215 243 1.0
215 216 1.0
215 221 1.0
215 222 1.0
215 259 1.0
215 260 1.0
215 261 1.0
215 262 1.0
215 263 1.0
215 264 1.0
215 265 1.0
216 225 1.0
216 233 1.0
216 239 1.0
216 240 1.0
216 241 1.0
216 243 1.0
216 221 1.0
216 223 1.0
216 259 1.0
216 260 1.0
216 261 1.0
216 262 1.0
216 263 1.0
216 264 1.0
216 265 1.0
216 217 1.0
216 218 1.0
217 244 1.0
217 218 1.0
217 222 1.0
217 268 1.0
217 269 1.0
217 275 1.0
217 276 1.0
217 304 1.0
217 305 1.0
218 244 1.0
218 223 1.0
218 268 1.0
218 269 1.0
218 275 1.0
218 276 1.0
218 304 1.0
218 305 1.0
219 302 1.0
219 272 1.0
220 302 1.0
220 269 1.0
221 239 1.0
222 223 1.0
224 238 1.0
224 273 1.0
224 281 1.0
224 304 1.0
224 243 1.0
225 233 1.0
225 304 1.0
226 234 1.0
226 275 1.0
226 304 1.0
227 275 1.0
227 276 1.0
227 304 1.0
227 239 1.0
228 235 1.0
228 276 1.0
228 277 1.0
228 304 1.0
228 240 1.0
229 236 1.0
229 277 1.0
229 278 1.0
229 304 1.0
229 240 1.0
230 278 1.0
230 279 1.0
230 304 1.0
230 241 1.0
231 237 1.0
231 279 1.0
231 280 1.0
231 304 1.0
231 241 1.0
232 280 1.0
232 281 1.0
232 304 1.0
232 242 1.0
233 275 1.0
233 304 1.0
234 235 1.0
234 244 1.0
234 275 1.0
234 276 1.0
234 304 1.0
235 236 1.0
235 245 1.0
235 276 1.0
235 277 1.0
235 278 1.0
235 304 1.0
236 237 1.0
236 246 1.0
236 278 1.0
236 279 1.0
236 304 1.0
237 238 1.0
237 246 1.0
237 280 1.0
237 281 1.0
237 304 1.0
238 273 1.0
238 274 1.0
238 304 1.0
238 247 1.0
239 244 1.0
239 245 1.0
239 275 1.0
239 276 1.0
239 277 1.0
239 278 1.0
239 304 1.0
240 245 1.0
240 246 1.0
240 276 1.0
240 277 1.0
240 278 1.0
240 279 1.0
240 304 1.0
241 246 1.0
241 247 1.0
241 277 1.0
241 278 1.0
241 279 1.0
241 280 1.0
241 304 1.0
242 247 1.0
242 278 1.0
242 279 1.0
242 280 1.0
242 281 1.0
242 304 1.0
243 273 1.0
243 274 1.0
243 280 1.0
243 281 1.0
243 304 1.0
244 275 1.0
244 276 1.0
244 304 1.0
244 251 1.0
244 252 1.0
244 260 1.0
244 261 1.0
244 268 1.0
244 269 1.0
244 272 1.0
245 277 1.0
245 278 1.0
245 304 1.0
245 253 1.0
245 254 1.0
245 261 1.0
245 262 1.0
245 263 1.0
245 269 1.0
245 272 1.0
246 279 1.0
246 280 1.0
246 304 1.0
246 255 1.0
246 256 1.0
246 263 1.0
246 264 1.0
246 265 1.0
246 269 1.0
246 270 1.0
246 272 1.0
247 273 1.0
247 281 1.0
247 304 1.0
247 248 1.0
247 257 1.0
247 258 1.0
247 265 1.0
247 266 1.0
247 272 1.0
248 249 1.0
248 304 1.0
248 257 1.0
249 273 1.0
249 274 1.0
249 304 1.0
250 251 1.0
250 304 1.0
251 252 1.0
251 275 1.0
251 304 1.0
252 253 1.0
252 276 1.0
252 304 1.0
253 254 1.0
253 276 1.0
253 277 1.0
253 304 1.0
254 255 1.0
254 304 1.0
255 256 1.0
255 278 1.0
255 279 1.0
255 304 1.0
256 257 1.0
256 304 1.0
257 280 1.0
257 281 1.0
257 304 1.0
258 304 1.0
259 304 1.0
260 304 1.0
261 304 1.0
262 304 1.0
263 304 1.0
264 304 1.0
265 304 1.0
266 304 1.0
267 268 1.0
267 304 1.0
267 269 1.0
268 276 1.0
268 304 1.0
268 269 1.0
269 270 1.0
269 275 1.0
269 276 1.0
269 277 1.0
269 278 1.0
269 279 1.0
269 304 1.0
269 271 1.0
270 271 1.0
270 304 1.0
271 304 1.0
271 272 1.0
272 273 1.0
272 274 1.0
272 279 1.0
272 280 1.0
272 281 1.0
272 304 1.0
273 304 1.0
274 304 1.0
275 304 1.0
276 304 1.0
277 304 1.0
278 304 1.0
279 304 1.0
280 304 1.0
281 304 1.0
290 304 1.0
291 304 1.0
292 304 1.0
293 304 1.0
294 304 1.0
295 304 1.0
296 304 1.0
297 304 1.0
298 304 1.0
299 304 1.0
300 305 1.0
301 305 1.0
