0.056964 -0.006366 0.037953
0.068322 -0.005489 0.042671
0.090060 0.008561 0.006861
0.085407 0.021813 -0.029423
0.079852 0.002060 0.026052
0.044502 0.027262 -0.061623
0.073356 0.009561 0.000166
0.069064 0.021148 -0.034868
0.084312 0.006091 0.014427
0.068366 0.026717 -0.050006
0.123835 0.005163 0.034244
0.104713 0.030129 -0.050411
0.101021 0.014859 -0.007391
0.106811 0.026218 -0.039196
0.126229 0.011273 0.016159
0.119430 0.025635 -0.035490
0.091318 0.013829 -0.006260
0.063230 0.018413 -0.027157
0.126730 0.018390 -0.011856
0.100114 0.033704 -0.058371
0.115541 0.017689 -0.007720
0.115462 0.031079 -0.052259
0.096063 0.002411 0.029471
0.082139 0.027280 -0.047837
0.044617 0.013705 -0.022616
0.105867 0.013508 -0.001696
0.098866 0.019050 -0.018292
0.076510 0.015100 -0.015522
0.083207 -0.000818 0.034852
0.052605 0.028290 -0.056771
0.099779 0.004631 0.021615
0.090165 0.026301 -0.039864
0.092173 0.017353 -0.014385
0.062215 0.027498 -0.052570
0.102274 0.009768 0.010339
0.075971 0.024769 -0.039881
0.073546 0.012243 -0.007053
0.056237 0.020171 -0.037273
0.064611 -0.012527 0.056765
0.083596 0.010633 0.000595
0.061459 0.022572 -0.040459
0.000166 -0.019295 0.049125
0.059532 -0.000581 0.022837
0.061352 0.016778 -0.024327
0.082213 -0.005201 0.046816
0.066300 0.001777 0.019708
0.040672 -0.008915 0.038128
0.030118 -0.009178 0.035357
0.102713 -0.035457 0.137979
0.140734 -0.019317 0.094385
0.040064 -0.012415 0.046218
0.037074 -0.004681 0.023692
0.110987 -0.006849 0.060909
0.063989 -0.023552 0.095756
0.048282 -0.010580 0.045749
0.047232 -0.001502 0.020674
0.085082 -0.012800 0.071734
0.082417 -0.015165 0.084843
0.051810 -0.037716 0.117028
0.107636 0.003633 0.025356
0.028601 -0.015952 0.051650
0.026828 -0.009983 0.036032
0.080596 -0.024883 0.105179
0.093744 -0.019195 0.099785
0.012740 -0.054458 0.142972
-0.008513 0.009840 -0.035178
0.031848 -0.025522 0.092984
0.040894 0.010939 -0.016230
0.048727 -0.011434 0.050579
0.067620 -0.002300 0.029781
-0.012158 -0.009646 0.014919
-0.014829 -0.009904 0.013910
-0.003841 -0.006554 0.010338
-0.004017 -0.003941 0.003268
-0.025710 -0.014412 0.021657
-0.018258 -0.013418 0.022763
0.010196 -0.000340 0.000588
0.009868 -0.001509 0.003646
0.007650 -0.007755 0.020109
0.001483 -0.015510 0.038924
-0.009089 -0.007597 0.010571
-0.003557 -0.010497 0.021872
0.072684 -0.023974 0.108942
0.090235 -0.006270 0.048919
0.039682 -0.015933 0.061954
0.053529 0.003267 0.009905
0.062309 -0.018135 0.075563
0.074723 -0.017300 0.086624
0.063486 0.004090 0.011614
0.066791 0.010750 -0.005809
0.056394 -0.002750 0.026966
0.067664 0.004957 0.010240
0.059313 0.011605 -0.010341
0.068611 0.014248 -0.014683
0.024430 0.002128 -0.000445
0.022316 0.003427 -0.004271
0.049551 0.022580 -0.045351
0.050236 0.019414 -0.036061
0.058969 0.014801 -0.019359
0.049960 0.011020 -0.014081
0.079712 0.016977 -0.017896
0.064580 0.022961 -0.038950
0.017684 0.019281 -0.048692
0.020445 0.018311 -0.044567
0.108049 0.043737 -0.095870
0.083124 0.046310 -0.094445
0.043673 0.016977 -0.030865
0.060789 0.009276 -0.003356
0.042778 -0.021754 0.082805
0.062297 -0.008981 0.046418
0.012334 -0.018499 0.054466
0.023466 -0.006362 0.022399
0.064243 -0.020056 0.081195
0.090788 -0.009488 0.058887
0.008399 0.012028 -0.033996
0.010449 0.007743 -0.023032
-0.035799 -0.013928 0.015098
0.086338 0.012842 -0.003042
0.049274 -0.005293 0.030987
0.039688 0.006780 -0.005776
0.071358 0.019657 -0.028289
0.079402 0.013598 -0.009274
0.016100 0.005790 -0.014136
0.013739 0.012596 -0.034790
0.072857 0.004432 0.012757
0.071513 0.018147 -0.024105
0.019647 0.011532 -0.028751
0.029634 0.012315 -0.026633
0.073139 0.036769 -0.071945
0.088222 0.037107 -0.066317
0.089326 0.030596 -0.051979
0.058114 0.040782 -0.084016
0.040858 0.022831 -0.047994
0.034739 0.031918 -0.080282
0.034608 0.008046 -0.011790
0.031962 0.006108 -0.007271
0.030105 0.010632 -0.020255
0.029781 0.017961 -0.039113
0.054591 0.008732 -0.004397
0.051476 0.013562 -0.020281
0.037333 -0.008464 0.034177
0.043122 0.008283 -0.008150
0.050937 0.010046 -0.010379
0.029671 0.008560 -0.015107
0.015380 -0.008664 0.026115
-0.040566 -0.008704 -0.002123
-0.027865 -0.018905 0.033146
-0.032131 -0.016410 0.025274
-0.020960 -0.015364 0.027593
-0.035432 -0.001910 -0.017557
-0.092594 -0.010063 -0.027812
-0.057433 0.002166 -0.038351
-0.064251 -0.010093 -0.010542
0.007438 -0.010972 0.028465
-0.004192 0.000932 -0.009878
0.018245 -0.014059 0.043596
0.015169 -0.002744 0.009135
0.035246 0.001791 0.005323
0.047559 0.005417 0.000900
0.040588 0.004145 0.001464
0.025626 0.006850 -0.012362
-0.016546 -0.017645 0.035165
-0.019574 0.003429 -0.023328
-0.022207 0.006646 -0.032339
-0.051242 -0.018849 0.020128
-0.022547 -0.002001 -0.010958
-0.094988 -0.006560 -0.040035
-0.058439 -0.015915 0.007368
-0.056793 -0.001188 -0.031338
0.031281 -0.005180 0.023282
0.033008 0.029713 -0.068708
-0.008168 0.005051 -0.022663
0.015055 -0.005480 0.016144
0.002428 0.007430 -0.026524
0.010871 0.053544 -0.168724
0.022726 0.063822 -0.164245
-0.001921 -0.016029 0.039984
-0.019296 -0.012226 0.018879
-0.033393 0.003848 -0.033457
-0.035562 0.006625 -0.038322
-0.034660 0.014829 -0.062280
-0.041029 0.010336 -0.060061
-0.019900 0.013074 -0.057211
0.038780 -0.005569 0.028761
0.034099 -0.001359 0.014582
-0.054534 -0.031246 0.054655
-0.039304 -0.028195 0.056011
-0.035878 -0.026025 0.052850
-0.061529 -0.036680 0.064340
-0.064415 -0.033326 0.056137
-0.084892 -0.056261 0.098096
-0.010665 -0.002916 -0.003328
0.001439 -0.000895 -0.002148
-0.074017 0.002642 -0.048840
-0.047684 -0.027650 0.046642
-0.071953 -0.031788 0.046356
-0.052330 -0.036387 0.072850
-0.007282 -0.005045 0.005082
0.000379 -0.006204 0.011213
-0.000632 -0.002614 0.001521
0.051062 0.031211 -0.066457
0.064198 0.030623 -0.062224
-0.044521 -0.025293 0.041703
-0.033022 -0.021947 0.041752
-0.012711 -0.027281 0.070037
-0.012354 -0.035918 0.085289
-0.036031 -0.032083 0.072453
-0.027236 -0.026802 0.060948
-0.026711 -0.030928 0.071158
-0.028986 -0.032531 0.077347
-0.033929 -0.050604 0.145245
-0.047362 0.003490 -0.035962
0.025282 0.036104 -0.097654
0.042597 0.043110 -0.096189
-0.055845 -0.024705 0.035104
-0.033769 -0.010545 0.006840
-0.033839 -0.008642 0.000489
-0.036668 -0.006610 -0.006100
-0.039895 -0.008046 -0.003247
-0.008051 -0.021309 0.049188
-0.012025 -0.005384 0.003101
0.011375 0.003736 -0.010312
-0.067491 -0.022278 0.020394
-0.072194 -0.018932 0.009390
-0.055196 -0.027009 0.044197
-0.054675 -0.012516 0.001259
-0.030760 0.001209 -0.025179
-0.043178 -0.002245 -0.023166
-0.051258 -0.009740 -0.005372
-0.065856 -0.010806 -0.011053
-0.136212 -0.031743 0.012046
-0.129459 -0.039420 0.029514
-0.133896 -0.045744 0.056220
-0.046650 -0.011426 0.002272
-0.048227 -0.014973 0.010608
-0.059383 -0.012509 -0.002928
-0.061542 -0.020680 0.020606
-0.084579 -0.028749 0.033321
-0.067019 -0.036716 0.064986
-0.050343 -0.005253 -0.017229
-0.078791 -0.017257 0.002143
-0.081193 -0.023676 0.017208
-0.121290 -0.040720 0.047442
-0.076355 -0.030914 0.043104
-0.072880 -0.011577 -0.012075
-0.100132 -0.019963 -0.005601
-0.110409 -0.025821 0.003914
-0.105035 -0.040496 0.056559
-0.062714 -0.026423 0.036724
-0.048389 -0.032120 0.060905
-0.047613 -0.009317 -0.003914
-0.044964 -0.006079 -0.010848
-0.042484 -0.012287 0.005965
-0.068057 -0.017163 0.005710
-0.045214 -0.018872 0.025376
-0.087664 -0.022616 0.009331
-0.136999 -0.028969 -0.001321
-0.100848 -0.024799 0.006885
-0.099035 -0.053709 0.085574
-0.041172 -0.031581 0.061742
-0.099088 -0.026965 0.016765
-0.103178 -0.016232 -0.018312
-0.109080 -0.018934 -0.014918
-0.103985 -0.011879 -0.026495
-0.090326 -0.005293 -0.042093
-0.101669 -0.031499 0.027103
-0.112794 -0.051849 0.085235
-0.096541 -0.014276 -0.019519
-0.078743 -0.015997 -0.003946
-0.079897 -0.012759 -0.011778
-0.064577 -0.008392 -0.016824
-0.056574 -0.019444 0.019562
-0.085106 -0.030809 0.039057
-0.087536 -0.043934 0.071614
-0.072467 -0.037447 0.063959
-0.050645 -0.002365 -0.024722
-0.077976 -0.007557 -0.025767
-0.090216 -0.009356 -0.027395
-0.106228 -0.023140 0.001140
-0.115529 -0.029085 0.017420
-0.118047 -0.036296 0.034682
-0.110248 -0.041135 0.048200
-0.691372 0.227893 -0.593929
-0.844100 -0.389798 -0.159993
0.494902 0.389779 0.849657
0.566500 0.367525 -0.699657
0.059715 0.239303 -0.892419
0.999404 -0.250575 -0.332841
-0.199660 0.772379 -0.702409
-0.287021 -0.131392 0.948837
-0.107843 0.008878 -0.081920
-0.148010 -0.043071 0.035375
-0.058988 -0.055729 0.115909
-0.141452 -0.016090 -0.042950
-0.150481 -0.018559 -0.021298
-0.121154 0.000510 -0.071876
-0.131397 -0.010151 -0.059574
-0.045148 -0.048226 0.120535
-0.073192 -0.058804 0.111141
-0.122796 -0.054386 0.077940
-0.002168 0.055027 -0.167709
-0.016466 0.060125 -0.163351
0.057273 -0.010618 0.049065
-0.973830 0.076404 -0.251086
-0.031509 -0.010473 0.007507
0.007165 0.024814 -0.064843
