0 1
0 2
0 3
4 5
4 6
7 8
7 9
7 10
7 11
12 13
14 15
16 17
18 19
20 21
20 22
23 24
5 25
26 18
19 27
28 29
30 31
30 32
33 0
34 7
8 35
8 36
8 37
38 20
39 40
41 42
43 19
27 39
27 41
27 44
45 30
31 46
47 0
1 48
1 4
1 7
1 5
1 49
1 8
1 50
1 51
1 52
1 53
1 54
1 55
1 56
1 57
1 58
1 59
1 60
1 61
1 62
1 63
1 64
1 65
1 66
1 67
1 68
1 69
70 20
21 1
21 71
72 73
74 12
13 1
13 75
13 76
13 77
13 78
13 79
13 80
13 81
13 82
83 84
52 85
86 13
86 87
86 88
89 31
22 1
22 13
22 52
22 90
22 91
22 92
22 93
22 94
22 95
22 96
22 97
22 98
99 5
32 30
32 8
32 22
32 100
32 101
102 0
2 33
2 1
2 13
2 22
2 103
2 104
2 105
2 106
2 107
2 108
2 109
2 110
2 111
2 112
2 113
114 115
116 1
29 13
29 2
29 117
29 118
29 119
29 120
29 121
122 5
25 1
25 72
25 52
25 22
25 32
123 124
125 1
126 13
77 127
128 8
37 1
37 129
37 130
131 14
15 1
15 13
15 132
133 7
10 1
10 37
134 135
134 13
136 0
60 137
60 1
60 22
60 2
60 29
60 15
138 1
61 60
61 139
140 2
141 142
143 144
143 145
143 146
143 147
143 148
143 149
150 151
150 152
153 143
144 154
144 155
144 156
144 157
144 158
144 159
144 160
161 162
161 163
161 164
165 166
167 168
167 169
170 143
145 150
145 144
145 162
145 171
145 172
145 173
145 174
145 175
145 176
145 177
145 178
145 179
145 180
145 181
145 182
145 183
145 184
145 185
145 186
145 187
145 188
145 189
145 190
145 191
145 192
145 193
145 194
145 195
145 196
145 197
145 198
145 199
145 200
145 201
145 202
145 203
145 204
145 205
145 206
145 207
145 208
145 209
145 210
145 211
145 212
145 213
145 214
145 215
145 216
145 217
145 218
145 219
145 220
145 221
145 222
145 223
145 224
145 225
145 226
145 227
145 228
145 229
145 230
145 231
145 232
145 233
145 234
145 235
145 236
145 237
145 238
145 239
145 240
145 241
145 242
145 243
145 244
145 245
145 246
145 247
145 248
145 249
145 250
145 251
145 252
145 253
145 254
145 255
145 256
145 257
145 258
145 259
145 260
145 261
145 262
145 263
145 264
145 265
145 266
145 267
145 268
145 269
145 270
145 271
145 272
273 144
155 145
155 274
155 275
155 276
155 277
155 278
155 279
155 280
155 281
282 143
146 144
146 145
146 283
146 284
285 150
147 144
147 161
147 145
147 155
147 146
147 286
147 287
147 288
147 289
147 290
147 291
147 292
147 293
147 294
147 295
147 296
147 297
147 298
147 299
147 300
147 301
147 302
147 303
147 304
147 305
147 306
147 307
147 308
147 309
147 310
147 311
312 161
164 145
164 147
313 145
287 147
314 144
158 145
158 155
158 147
158 315
158 316
158 317
318 145
176 147
176 319
176 320
176 321
176 322
323 324
323 325
323 326
323 327
328 329
330 331
332 333
334 335
336 337
338 339
340 341
342 343
333 344
345 346
347 348
347 349
347 350
351 347
352 353
354 355
354 356
357 334
358 359
360 333
360 361
362 363
364 365
366 334
366 367
368 369
370 371
370 372
370 373
374 334
329 333
329 347
329 354
329 375
329 376
329 377
329 378
329 379
329 380
329 381
329 382
329 383
329 384
385 338
386 333
350 347
350 348
350 329
387 323
337 336
337 329
337 388
337 389
337 390
391 323
324 362
324 329
324 337
324 392
324 393
394 395
344 333
344 329
396 370
397 145
177 147
177 398
177 399
177 400
177 401
177 402
177 403
177 404
177 405
177 406
177 407
177 408
177 409
177 410
177 411
177 412
177 413
177 414
177 415
177 416
177 417
177 418
177 419
177 420
177 421
177 422
177 423
177 424
177 425
177 426
177 427
177 428
177 429
177 430
177 431
177 432
177 433
177 434
177 435
177 436
177 437
177 438
177 439
177 440
177 441
177 442
177 443
177 444
177 445
177 446
177 447
177 448
177 449
177 450
177 451
177 452
177 453
177 454
177 455
177 456
177 457
177 458
459 460
461 177
399 462
399 463
399 464
399 465
399 466
399 467
399 468
399 469
399 470
399 471
399 472
399 473
399 474
399 475
476 477
400 478
479 145
178 147
178 177
178 399
178 480
178 481
178 482
178 483
178 484
178 485
178 486
178 487
178 488
178 489
178 490
178 491
178 492
178 493
178 494
178 495
178 496
178 497
178 498
178 499
178 500
178 501
178 502
178 503
178 504
178 505
178 506
178 507
178 508
178 509
178 510
178 511
178 512
178 513
178 514
178 515
516 145
402 178
402 517
402 518
402 519
402 520
402 521
402 522
402 523
524 145
179 177
179 399
179 178
179 525
179 526
179 527
179 528
179 529
179 530
179 531
179 532
179 533
179 534
179 535
179 536
179 537
179 538
179 539
179 540
179 541
179 542
179 543
179 544
179 545
179 546
179 547
179 548
179 549
179 550
179 551
179 552
179 553
179 554
179 555
179 556
557 177
404 399
404 558
404 559
404 560
404 561
404 562
404 563
404 564
404 565
404 566
404 567
404 568
404 569
570 145
558 176
558 571
558 572
558 573
558 574
558 575
576 145
180 155
180 147
180 178
180 179
180 577
180 578
180 579
180 580
180 581
180 582
180 583
180 584
180 585
180 586
180 587
180 588
180 589
180 590
180 591
180 592
180 593
180 594
180 595
180 596
180 597
180 598
180 599
600 179
526 180
526 601
526 602
526 603
526 604
526 605
606 607
405 608
609 610
561 611
612 1
181 150
181 144
181 145
181 155
181 147
181 164
181 158
181 176
181 323
181 329
181 337
181 324
181 177
181 399
181 178
181 402
181 179
181 404
181 558
181 613
181 180
181 526
181 561
181 614
181 615
181 616
181 617
181 618
181 619
181 620
181 621
181 622
181 623
181 624
181 625
181 626
181 627
181 628
181 629
181 630
181 631
181 632
181 633
181 634
181 635
181 636
181 637
181 638
181 639
181 640
181 641
181 642
181 643
181 644
181 645
181 646
181 647
181 648
181 649
181 650
181 651
181 652
181 653
181 654
181 655
181 656
181 657
181 658
181 659
181 660
181 661
181 662
181 663
181 664
181 665
181 666
181 667
181 668
181 669
181 670
181 671
181 672
181 673
181 674
181 675
181 676
181 677
181 678
181 679
181 680
181 681
181 682
181 683
181 684
181 685
181 686
181 687
181 688
181 689
181 690
181 691
181 692
181 693
181 694
181 695
181 696
181 697
181 698
181 699
181 700
181 701
181 702
181 703
181 704
181 705
181 706
181 707
181 708
181 709
181 710
181 711
181 712
181 713
181 714
181 715
181 716
181 717
181 718
181 719
181 720
181 721
181 722
181 723
181 724
181 725
181 726
181 727
181 728
181 729
181 730
181 731
181 732
181 733
181 734
181 735
181 736
181 737
181 738
181 739
181 740
181 741
181 742
181 743
181 744
181 745
181 746
181 747
181 748
181 749
181 750
181 751
181 752
181 753
181 754
181 755
181 756
181 757
181 758
181 759
181 760
181 761
181 762
181 763
181 764
181 765
181 766
181 767
181 768
181 769
181 770
181 771
181 772
181 773
181 774
181 775
181 776
181 777
181 778
181 779
181 780
181 781
181 782
181 783
181 784
181 785
181 786
181 787
181 788
181 789
181 790
181 791
181 792
181 793
181 794
181 795
181 796
181 797
181 798
181 799
181 800
181 801
181 802
181 803
181 804
181 805
181 806
181 807
181 808
181 809
181 810
181 811
181 812
181 813
181 814
815 181
407 816
817 145
408 177
408 181
408 818
408 819
408 820
408 821
408 822
408 823
824 404
409 405
409 181
409 825
409 826
827 177
410 179
410 181
410 828
410 829
410 830
410 831
410 832
410 833
410 834
835 836
837 838
839 145
320 176
320 177
320 178
320 179
320 180
320 181
320 410
320 840
320 841
320 842
320 843
320 844
320 845
320 846
320 847
320 848
320 849
320 850
320 851
320 852
320 853
320 854
320 855
320 856
320 857
858 177
412 405
412 181
412 859
412 860
861 181
413 862
413 863
413 864
413 865
866 145
182 155
182 147
182 158
182 176
182 177
182 399
182 178
182 402
182 179
182 404
182 558
182 180
182 407
182 408
182 320
182 867
182 868
182 869
182 870
182 871
182 872
182 873
182 874
182 875
182 876
182 877
182 878
182 879
182 880
182 881
182 882
182 883
182 884
182 885
182 886
182 887
182 888
182 889
182 890
182 891
182 892
182 893
182 894
182 895
182 896
182 897
182 898
182 899
182 900
182 901
182 902
182 903
182 904
182 905
182 906
182 907
182 908
182 909
182 910
182 911
182 912
182 913
182 914
182 915
182 916
182 917
182 918
182 919
182 920
182 921
182 922
182 923
182 924
182 925
182 926
182 927
182 928
182 929
182 930
182 931
182 932
182 933
182 934
182 935
182 936
182 937
182 938
182 939
182 940
182 941
182 942
182 943
182 944
182 945
182 946
182 947
182 948
182 949
182 950
951 399
183 178
183 181
183 413
183 952
183 953
183 954
183 955
183 956
183 957
183 958
183 959
960 399
961 145
184 155
184 147
184 158
184 176
184 177
184 399
184 178
184 179
184 558
184 180
184 181
184 183
184 962
184 963
184 964
184 965
184 966
184 967
184 968
184 969
184 970
184 971
184 972
184 973
184 974
184 975
184 976
184 977
184 978
184 979
184 980
184 981
184 982
184 983
184 984
184 985
184 986
184 987
184 988
184 989
184 990
184 991
992 145
185 147
185 177
185 399
185 178
185 179
185 404
185 180
185 561
185 181
185 408
185 410
185 320
185 412
185 413
185 182
185 183
185 184
185 993
185 994
185 995
185 996
185 997
185 998
185 999
185 1000
185 1001
185 1002
185 1003
185 1004
185 1005
185 1006
185 1007
185 1008
185 1009
185 1010
185 1011
185 1012
185 1013
185 1014
185 1015
185 1016
185 1017
185 1018
185 1019
185 1020
185 1021
185 1022
185 1023
185 1024
185 1025
185 1026
185 1027
1028 410
844 320
844 1029
844 1030
1031 145
186 155
186 147
186 158
186 177
186 178
186 179
186 558
186 180
186 526
186 561
186 181
186 407
186 183
186 185
186 1032
186 1033
186 1034
186 1035
186 1036
186 1037
186 1038
186 1039
186 1040
186 1041
186 1042
186 1043
186 1044
186 1045
186 1046
186 1047
186 1048
186 1049
186 1050
186 1051
186 1052
186 1053
186 1054
186 1055
186 1056
186 1057
186 1058
186 1059
186 1060
186 1061
186 1062
186 1063
186 1064
186 1065
186 1066
186 1067
186 1068
186 1069
186 1070
186 1071
1072 1
62 150
62 144
62 145
62 155
62 147
62 164
62 158
62 176
62 177
62 399
62 178
62 402
62 179
62 404
62 558
62 180
62 526
62 181
62 407
62 408
62 320
62 182
62 183
62 184
62 185
62 186
62 1073
62 1074
62 1075
62 1076
62 1077
62 1078
62 1079
62 1080
62 1081
62 1082
62 1083
62 1084
62 1085
62 1086
62 1087
62 1088
62 1089
62 1090
62 1091
62 1092
62 1093
62 1094
62 1095
62 1096
62 1097
62 1098
62 1099
62 1100
62 1101
62 1102
62 1103
62 1104
62 1105
62 1106
62 1107
62 1108
62 1109
62 1110
62 1111
62 1112
62 1113
62 1114
62 1115
62 1116
62 1117
62 1118
62 1119
62 1120
62 1121
62 1122
62 1123
62 1124
62 1125
62 1126
62 1127
62 1128
62 1129
62 1130
62 1131
62 1132
62 1133
62 1134
62 1135
62 1136
62 1137
62 1138
62 1139
62 1140
62 1141
62 1142
62 1143
62 1144
62 1145
62 1146
62 1147
62 1148
62 1149
62 1150
62 1151
62 1152
62 1153
62 1154
62 1155
62 1156
62 1157
62 1158
62 1159
62 1160
62 1161
62 1162
62 1163
62 1164
62 1165
62 1166
62 1167
62 1168
62 1169
62 1170
62 1171
62 1172
62 1173
62 1174
62 1175
62 1176
62 1177
62 1178
62 1179
62 1180
62 1181
62 1182
62 1183
62 1184
62 1185
62 1186
1187 145
188 177
188 179
188 181
188 320
188 182
188 183
188 184
188 185
188 186
188 62
188 1188
188 1189
188 1190
188 1191
188 1192
188 1193
188 1194
188 1195
188 1196
188 1197
188 1198
188 1199
188 1200
188 1201
188 1202
188 1203
188 1204
188 1205
188 1206
188 1207
188 1208
188 1209
188 1210
188 1211
1212 145
189 177
189 398
189 399
189 400
189 178
189 402
189 181
189 410
189 320
189 182
189 183
189 184
189 185
189 62
189 188
189 1213
189 1214
189 1215
189 1216
189 1217
189 1218
189 1219
189 1220
189 1221
189 1222
189 1223
1224 145
190 177
190 178
190 179
190 180
190 181
190 320
190 182
190 184
190 185
190 186
190 62
190 188
190 1225
190 1226
190 1227
190 1228
190 1229
190 1230
190 1231
190 1232
190 1233
1234 145
191 177
191 399
191 402
191 179
191 405
191 561
191 181
191 320
191 412
191 413
191 182
191 183
191 184
191 185
191 186
191 62
191 189
191 190
191 1235
191 1236
191 1237
191 1238
191 1239
191 1240
191 1241
191 1242
191 1243
191 1244
191 1245
191 1246
191 1247
1248 145
192 177
192 178
192 179
192 180
192 181
192 182
192 183
192 184
192 185
192 186
192 62
192 188
192 190
192 191
192 1249
192 1250
192 1251
192 1252
192 1253
1254 145
193 147
193 177
193 398
193 399
193 178
193 402
193 179
193 404
193 558
193 180
193 405
193 181
193 407
193 408
193 409
193 410
193 320
193 412
193 413
193 182
193 183
193 184
193 185
193 844
193 186
193 62
193 188
193 189
193 190
193 191
193 192
193 1255
193 1256
193 1257
193 1258
193 1259
193 1260
193 1261
193 1262
193 1263
193 1264
193 1265
193 1266
193 1267
193 1268
193 1269
193 1270
193 1271
193 1272
193 1273
193 1274
193 1275
193 1276
193 1277
193 1278
193 1279
193 1280
193 1281
193 1282
193 1283
193 1284
193 1285
193 1286
193 1287
193 1288
193 1289
193 1290
193 1291
193 1292
193 1293
193 1294
193 1295
193 1296
193 1297
193 1298
193 1299
193 1300
193 1301
1302 145
426 177
426 178
426 179
426 558
426 180
426 526
426 561
426 181
426 410
426 182
426 184
426 185
426 844
426 62
426 188
426 189
426 190
426 192
426 193
426 1303
426 1304
426 1305
426 1306
426 1307
1308 399
427 404
427 181
427 185
427 62
427 1309
427 1310
427 1311
427 1312
427 1313
1314 399
1309 427
1309 1315
1316 145
194 177
194 399
194 561
194 181
194 183
194 184
194 185
194 62
194 189
194 193
194 1317
194 1318
194 1319
194 1320
194 1321
1322 145
195 177
195 399
195 402
195 404
195 405
195 181
195 409
195 182
195 183
195 184
195 185
195 62
195 189
195 190
195 191
195 192
195 193
195 426
195 1323
195 1324
195 1325
195 1326
1327 145
430 177
430 400
430 178
430 179
430 180
430 181
430 410
430 182
430 184
430 185
430 186
430 62
430 188
430 189
430 190
430 191
430 193
430 195
430 1328
430 1329
430 1330
1331 178
638 1332
638 561
638 183
1333 1334
1335 1336
1335 1337
1338 145
591 180
591 526
591 181
591 320
591 182
591 184
591 185
591 186
591 62
591 190
591 193
591 430
591 1339
591 1340
591 1341
1342 145
196 147
196 177
196 399
196 178
196 179
196 180
196 181
196 320
196 182
196 184
196 185
196 186
196 62
196 190
196 193
196 195
196 591
196 1343
196 1344
196 1345
196 1346
196 1347
196 1348
196 1349
196 1350
196 1351
1352 177
433 399
433 178
433 181
433 182
433 183
433 62
433 188
433 191
433 193
433 194
1353 145
197 1354
197 1355
197 1356
197 1357
197 1358
197 1359
197 1360
197 1361
1362 145
198 147
198 181
198 182
198 62
198 197
198 1363
198 1364
198 1365
198 1366
198 1367
198 1368
198 1369
198 1370
198 1371
198 1372
198 1373
198 1374
198 1375
198 1376
1377 145
199 177
199 181
199 185
199 62
199 188
199 193
199 198
199 1378
199 1379
199 1380
199 1381
199 1382
199 1383
199 1384
199 1385
1386 1387
1388 1389
1390 145
200 147
200 181
200 182
200 62
200 188
200 193
200 198
200 1391
200 1392
200 1393
200 1394
200 1395
200 1396
200 1397
200 1398
200 1399
200 1400
200 1401
200 1402
200 1403
200 1404
200 1405
200 1406
200 1407
200 1408
200 1409
200 1410
200 1411
200 1412
1413 145
201 198
201 199
201 1414
201 1415
1416 200
1391 1417
1418 198
1419 145
202 147
202 181
202 182
202 186
202 62
202 192
202 197
202 198
202 199
202 200
202 1420
202 1421
202 1422
202 1423
202 1424
202 1425
202 1426
202 1427
202 1428
202 1429
202 1430
202 1431
202 1432
202 1433
202 1434
202 1435
202 1436
202 1437
202 1438
202 1439
202 1440
1441 200
1420 202
1420 1442
1443 200
650 1444
1445 145
203 147
203 181
203 182
203 62
203 197
203 198
203 199
203 200
203 201
203 1366
203 202
203 1446
203 1447
203 1448
203 1449
203 1450
203 1451
203 1452
203 1453
203 1454
203 1455
1456 1457
1458 145
204 181
204 62
204 197
204 198
204 200
204 201
204 202
204 203
204 1459
204 1460
204 1461
204 1462
1463 145
205 1388
205 650
205 203
205 204
1464 205
1465 1466
1467 1468
1469 203
1470 1391
1471 198
1359 200
1359 1420
1359 204
1472 202
1473 145
206 197
206 198
206 199
206 200
206 202
206 203
206 204
206 1465
1474 145
654 181
654 182
654 62
654 188
654 193
654 1475
654 1476
654 1477
654 1478
654 1479
654 1480
654 1481
654 1482
654 1483
654 1484
654 1485
654 1486
654 1487
654 1488
654 1489
654 1490
654 1491
654 1492
654 1493
654 1494
654 1495
654 1496
654 1497
654 1498
654 1499
654 1500
654 1501
654 1502
654 1503
654 1504
654 1505
654 1506
654 1507
654 1508
654 1509
654 1510
654 1511
654 1512
654 1513
654 1514
654 1515
654 1516
654 1517
654 1518
654 1519
654 1520
654 1521
1522 145
655 181
655 62
655 654
655 1523
655 1524
655 1525
655 1526
655 1527
655 1528
655 1529
655 1530
655 1531
655 1532
655 1533
655 1534
655 1535
655 1536
655 1537
655 1538
655 1539
655 1540
655 1541
655 1542
655 1543
1544 1545
1546 145
656 181
656 62
656 1547
656 1548
656 1549
656 1550
656 1551
656 1552
656 1553
656 1554
656 1555
656 1556
656 1557
656 1558
656 1559
656 1560
656 1561
656 1562
656 1563
656 1564
656 1565
656 1566
656 1567
656 1568
656 1569
1570 62
1096 655
1096 656
1096 1571
1096 1572
1096 1573
1096 1574
1575 654
1478 656
1478 1576
1577 656
1578 1579
1578 1580
1581 1582
1581 1583
1581 1584
1581 1585
1581 1586
1587 1578
1579 1581
1579 1588
1589 145
437 177
437 181
437 62
437 188
437 193
437 1590
437 1591
437 1592
437 1593
437 1594
437 1595
437 1596
437 1597
437 1598
437 1599
437 1600
437 1601
437 1602
437 1603
437 1604
437 1605
437 1606
437 1607
437 1608
437 1609
437 1610
437 1611
437 1612
437 1613
437 1614
437 1615
1616 1617
1616 1618
1616 1619
1616 1620
1616 1621
1616 1622
1616 1623
1616 1624
1616 1625
1616 1626
1616 1627
1616 1628
1616 1629
1616 1630
1616 1631
1616 1632
1616 1633
1616 1634
1616 1635
1616 1636
1616 1637
1616 1638
1639 1640
1641 1642
1641 1643
1641 1644
1641 1645
1641 1646
1641 1647
1641 1648
1649 1616
1650 145
94 1616
94 1651
94 1652
94 1653
94 1654
94 1655
94 1656
94 1657
94 1658
94 1659
94 1660
94 1661
94 1662
94 1663
94 1664
94 1665
94 1666
1667 145
207 181
207 182
207 62
207 654
207 656
207 1616
207 94
207 1668
207 1669
207 1670
207 1671
207 1672
207 1673
207 1674
207 1675
207 1676
207 1677
207 1678
207 1679
207 1680
207 1681
207 1682
207 1683
207 1684
207 1685
207 1686
207 1687
207 1688
207 1689
207 1690
207 1691
207 1692
207 1693
207 1694
207 1695
207 1696
207 1697
207 1698
207 1699
207 1700
207 1701
207 1702
207 1703
207 1704
207 1705
207 1706
207 1707
207 1708
207 1709
207 1710
207 1711
207 1712
207 1713
207 1714
207 1715
207 1716
207 1717
207 1718
207 1719
207 1720
207 1721
207 1722
207 1723
207 1724
1725 1726
1668 1727
1668 1728
1729 1730
1669 1731
1669 1732
1669 1733
1734 1616
1099 1617
1099 1735
1099 1736
1737 1738
1481 1739
1481 1740
1481 1741
1742 1743
1742 1744
1745 1668
1746 145
660 181
660 62
660 1616
660 1639
660 1617
660 94
660 207
660 1099
660 1742
660 1747
660 1748
660 1749
660 1750
660 1751
660 1752
660 1753
660 1754
660 1755
660 1756
660 1757
660 1758
660 1759
660 1760
660 1761
660 1762
660 1763
660 1764
660 1765
660 1766
660 1767
660 1768
660 1769
660 1770
660 1771
660 1772
660 1773
660 1774
660 1775
1776 0
3 2
3 62
3 1616
3 660
3 1777
3 1778
3 1779
3 1780
3 1781
1782 1783
1784 1641
1785 1786
1785 1787
1788 1789
1788 1790
1791 1669
1673 1792
1673 1793
1673 1794
1795 1796
1786 1797
1798 145
661 181
661 62
661 1616
661 94
661 207
661 1669
661 1481
661 660
661 3
661 1673
661 1786
661 1799
661 1800
661 1801
661 1802
661 1803
661 1804
661 1805
661 1806
661 1807
661 1808
661 1809
661 1810
661 1811
661 1812
661 1813
661 1814
661 1815
661 1816
661 1817
661 1818
661 1819
661 1820
661 1821
661 1822
661 1823
661 1824
1825 1826
1675 1827
1675 1828
1829 1641
1830 1616
1676 661
1676 1831
1676 1832
1676 1833
1676 1834
1676 1835
1676 1836
1837 1616
662 207
662 1668
662 1481
662 661
662 1838
662 1839
662 1840
662 1841
662 1842
662 1843
662 1844
662 1845
662 1846
1847 1616
1624 207
1624 660
1624 3
1624 661
1624 662
1624 1848
1624 1849
1624 1850
1624 1851
1624 1852
1624 1853
1624 1854
1624 1855
1624 1856
1624 1857
1858 1859
1860 1616
1679 1861
1679 1862
1679 1863
1864 1616
1625 207
1625 1669
1625 660
1625 661
1625 1676
1625 1624
1625 1858
1625 1865
1625 1866
1625 1867
1625 1868
1625 1869
1625 1870
1625 1871
1872 1675
1681 1873
1681 1874
1681 1875
1876 145
208 177
208 181
208 62
208 188
208 193
208 202
208 654
208 656
208 437
208 1616
208 94
208 207
208 1668
208 1669
208 1481
208 660
208 3
208 1788
208 1786
208 1675
208 662
208 1624
208 1679
208 1625
208 1681
208 1877
208 1878
208 1879
208 1880
208 1881
208 1882
208 1883
208 1884
208 1885
208 1886
208 1887
208 1888
208 1889
208 1890
208 1891
208 1892
208 1893
208 1894
208 1895
208 1896
208 1897
208 1898
208 1899
208 1900
208 1901
208 1902
208 1903
208 1904
208 1905
208 1906
208 1907
208 1908
208 1909
208 1910
208 1911
208 1912
208 1913
208 1914
208 1915
208 1916
208 1917
208 1918
208 1919
208 1920
208 1921
208 1922
208 1923
208 1924
208 1925
208 1926
208 1927
1928 207
1683 208
1683 1929
1930 1616
1646 1641
1646 661
1646 1624
1646 1931
1646 1932
1646 1933
1934 145
209 181
209 182
209 62
209 1616
209 94
209 207
209 660
209 3
209 661
209 1675
209 1676
209 662
209 1624
209 1679
209 1625
209 208
209 1935
209 1936
209 1937
209 1938
209 1939
209 1940
209 1941
209 1942
209 1943
209 1944
209 1945
209 1946
209 1947
209 1948
209 1949
209 1950
209 1951
209 1952
209 1953
209 1954
209 1955
209 1956
209 1957
209 1958
209 1959
209 1960
209 1961
1962 1676
1685 209
1685 1963
1685 1964
1685 1965
1966 145
210 181
210 182
210 62
210 654
210 655
210 1616
210 94
210 660
210 3
210 1788
210 661
210 1675
210 1676
210 662
210 1624
210 1625
210 1681
210 208
210 1683
210 1967
210 209
210 1685
210 1968
210 1969
210 1970
210 1971
210 1972
210 1973
210 1974
210 1975
210 1976
210 1977
210 1978
210 1979
210 1980
210 1981
210 1982
210 1983
210 1984
210 1985
210 1986
210 1987
210 1988
210 1989
210 1990
210 1991
210 1992
210 1993
210 1994
1995 1616
1686 1669
1686 209
1686 1996
1997 145
211 181
211 62
211 1616
211 94
211 207
211 1668
211 1669
211 1481
211 660
211 1673
211 1676
211 662
211 1624
211 1858
211 1625
211 208
211 209
211 210
211 1998
211 1999
211 2000
211 2001
211 2002
211 2003
211 2004
211 2005
211 2006
211 2007
211 2008
211 2009
2010 1616
667 94
667 207
667 660
667 3
667 1785
667 1673
667 1786
667 662
667 1624
667 1625
667 209
667 1685
667 210
667 211
667 2011
667 2012
667 2013
667 2014
2015 660
1756 2016
2017 1616
1631 1099
1631 1782
1631 2018
2019 94
1661 207
1661 661
1661 1675
1661 1681
1661 208
1661 209
1661 210
1661 667
1661 2020
1661 2021
2022 660
2023 1616
668 207
668 662
668 1624
668 209
668 210
668 667
2024 1616
1632 94
1632 207
1632 660
1632 3
1632 1676
1632 1624
1632 1625
1632 209
1632 1685
1632 210
1632 667
1632 2025
1632 2026
2027 1676
2028 1742
2029 1616
1488 94
1488 207
1488 660
1488 1782
1488 661
1488 1676
1488 1624
1488 1625
1488 208
1488 209
1488 210
1488 211
1488 667
1488 1756
1488 1632
1488 2030
1488 2031
2032 208
1932 1646
2033 2034
2035 2036
2035 2037
2035 2038
2035 2039
2040 2041
2040 2042
2040 2043
2040 2044
2040 2045
2040 2046
2040 2047
2040 2048
2040 2049
2040 2050
2040 2051
2052 2053
2054 2055
2054 2056
2057 2058
2059 2060
2059 2061
2062 2063
2064 1096
2065 2066
2065 2067
2068 2069
2068 2070
2071 437
1760 660
1760 2054
1760 2055
1760 2072
1760 2073
1760 2074
1760 2075
1760 2076
1760 2077
1760 2078
1760 2079
2080 2081
2080 2082
2083 2035
2036 2084
2036 2085
2086 2087
2072 2088
2072 2089
2072 2090
2072 2091
2072 2092
2072 2093
2072 2094
2095 2062
669 2036
669 2096
669 2097
669 2098
669 2099
669 2100
669 2101
669 2102
669 2103
669 2104
2105 145
63 181
63 207
63 660
63 661
63 208
63 209
63 210
63 211
63 2035
63 2065
63 1760
63 2036
63 2072
63 669
63 2106
63 2107
63 2108
63 2109
63 2110
63 2111
63 2112
63 2113
63 2114
63 2115
63 2116
63 2117
63 2118
63 2119
63 2120
63 2121
63 2122
63 2123
63 2124
63 2125
2126 2072
2126 63
2126 2127
2128 669
2097 2129
2130 2131
2132 1
64 145
64 181
64 207
64 660
64 661
64 208
64 209
64 210
64 211
64 2055
64 2065
64 1760
64 2072
64 669
64 63
64 2133
64 2134
64 2135
64 2136
64 2137
64 2138
64 2139
64 2140
64 2141
64 2142
64 2143
64 2144
64 2145
64 2146
2147 2148
2147 2149
2147 2150
2151 2065
2066 63
2066 2152
2066 2153
2066 2154
2155 2072
2100 669
2100 63
2156 2157
2038 2035
2038 63
2158 2036
2085 2130
2085 2159
2085 2160
2085 2161
2085 2162
2163 2164
2165 1
65 145
65 181
65 182
65 62
65 188
65 200
65 437
65 207
65 660
65 661
65 208
65 209
65 210
65 211
65 2166
65 2035
65 2040
65 2055
65 2065
65 1760
65 2072
65 669
65 63
65 2130
65 2066
65 2085
65 2167
65 2168
65 2169
65 2170
65 2171
65 2172
65 2173
65 2174
65 2175
65 2176
65 2177
65 2178
65 2179
65 2180
65 2181
65 2182
65 2183
65 2184
65 2185
65 2186
65 2187
65 2188
65 2189
65 2190
65 2191
65 2192
65 2193
65 2194
65 2195
65 2196
65 2197
65 2198
65 2199
65 2200
65 2201
65 2202
2203 2204
2205 2035
2206 145
66 207
66 661
66 2055
66 2065
66 669
66 63
66 2097
66 2130
66 2066
66 2085
66 2207
66 2208
66 2209
66 2210
66 2211
66 2212
2213 2214
675 2085
675 65
675 66
675 2215
675 2216
675 2217
675 2218
2219 2062
2063 669
2063 2220
2221 2222
2223 2224
2034 675
2225 2040
2226 2147
2227 202
2078 1760
2078 2228
2078 2229
2078 2230
2231 2052
213 66
213 2232
2233 2234
2235 65
2236 2237
2238 2040
2239 2240
2241 13
82 77
82 2080
82 669
82 63
82 64
82 65
82 66
82 2242
82 2243
2244 64
2136 2245
2136 2246
2136 2247
2136 2248
2249 2072
2250 2072
2251 2065
2067 63
2067 2066
2252 2040
2050 2253
2050 2221
2254 2255
2256 2059
2061 2072
2061 63
2061 2126
2061 64
2061 65
2061 66
2061 2257
2061 2258
2061 2259
2260 2136
2261 669
2104 2063
2104 2254
2262 2263
2264 2265
2264 2266
2264 2267
2268 2269
2270 12
2173 2097
2173 65
2271 2068
2069 2272
2069 2273
2069 2274
2275 2136
2247 2276
2277 2278
2279 2068
676 673
676 2239
676 2069
676 2280
2281 2147
2282 145
214 2283
214 2284
214 2285
214 2286
214 2287
214 2288
214 2289
214 2290
214 2291
214 2292
214 2293
214 2294
214 2295
214 2296
214 2297
2298 214
2283 2299
2283 2300
2301 2302
2303 214
2304 214
2305 214
2299 2283
2299 2306
2299 2307
2299 2308
2309 214
678 2310
2311 214
2311 2312
2313 214
2314 2315
2316 214
679 2317
679 2318
679 2319
2320 214
2287 679
2287 2321
2287 2322
2287 2323
2324 2325
2326 214
2315 2287
2315 2327
2328 678
2329 214
2329 678
2329 2330
2331 679
2332 214
2288 678
2333 214
2334 2335
2336 2337
2338 2339
2340 2341
2342 2343
2342 2344
2342 2345
2342 2346
2342 2347
2342 2348
2349 2350
2351 2352
2353 1
215 145
215 147
215 158
215 2354
215 329
215 177
215 178
215 181
215 408
215 320
215 182
215 184
215 185
215 186
215 62
215 188
215 191
215 193
215 196
215 197
215 198
215 199
215 200
215 201
215 202
215 203
215 204
215 654
215 656
215 437
215 94
215 207
215 1668
215 1481
215 660
215 1673
215 661
215 662
215 1679
215 208
215 209
215 1685
215 210
215 1686
215 211
215 667
215 668
215 1632
215 1488
215 669
215 63
215 64
215 65
215 66
215 2338
215 2355
215 2356
215 2357
215 2358
215 2359
215 2360
215 2361
215 2362
215 2363
215 2364
215 2365
215 2366
215 2367
215 2368
215 2369
215 2370
215 2371
215 2372
215 2373
215 2374
215 2375
215 2376
215 2377
215 2378
215 2379
215 2380
215 2381
215 2382
215 2383
215 2384
215 2385
215 2386
215 2387
215 2388
215 2389
215 2390
215 2391
215 2392
215 2393
215 2394
215 2395
215 2396
215 2397
215 2398
215 2399
215 2400
215 2401
215 2402
215 2403
215 2404
215 2405
215 2406
215 2407
215 2408
215 2409
215 2410
215 2411
215 2412
215 2413
215 2414
215 2415
215 2416
215 2417
215 2418
215 2419
215 2420
215 2421
215 2422
215 2423
215 2424
215 2425
215 2426
215 2427
215 2428
215 2429
215 2430
215 2431
215 2432
215 2433
215 2434
215 2435
215 2436
215 2437
215 2438
215 2439
215 2440
215 2441
215 2442
215 2443
215 2444
215 2445
215 2446
215 2447
215 2448
215 2449
215 2450
215 2451
215 2452
215 2453
215 2454
215 2455
215 2456
215 2457
215 2458
215 2459
215 2460
215 2461
215 2462
215 2463
215 2464
215 2465
215 2466
215 2467
215 2468
215 2469
215 2470
215 2471
215 2472
215 2473
215 2474
215 2475
215 2476
215 2477
215 2478
215 2479
215 2480
215 2481
215 2482
215 2483
215 2484
2485 215
2355 2486
2355 2487
2488 2342
2343 2351
2489 145
216 147
216 181
216 182
216 62
216 193
216 203
216 654
216 661
216 662
216 209
216 210
216 211
216 668
216 63
216 65
216 2338
216 2342
216 215
216 2490
216 2491
216 2492
216 2493
216 2494
216 2495
216 2496
216 2497
216 2498
216 2499
216 2500
216 2501
216 2502
216 2503
216 2504
216 2505
216 2506
216 2507
216 2508
216 2509
216 2510
216 2511
216 2512
216 2513
216 2514
216 2515
2516 2517
2516 2518
2519 2520
2521 2522
2523 2524
2525 215
2358 2526
2527 145
682 2338
682 2342
682 215
682 2355
682 216
682 2528
682 2529
682 2530
682 2531
682 2532
682 2533
682 2534
682 2535
2536 215
2360 2537
2538 682
2361 2539
2361 2540
2541 215
2362 2542
2543 145
217 147
217 181
217 182
217 62
217 207
217 65
217 2342
217 215
217 2355
217 216
217 682
217 2544
217 2545
217 2546
217 2547
217 2548
217 2549
217 2550
217 2551
217 2552
217 2553
217 2554
217 2555
217 2556
217 2557
2558 215
2364 2559
2364 2560
2561 2562
2561 2563
2564 2565
2566 145
2367 2342
2367 215
2367 682
2367 217
2367 2567
2367 2568
2569 2342
2346 215
2346 216
2346 2365
2570 2342
2347 2571
2347 2572
2573 2574
2573 2575
2576 2335
2337 215
2577 2349
2350 2578
2579 2580
2581 2582
2583 2584
2585 2586
2587 2355
2487 2561
2487 2588
2589 2342
2370 215
2370 216
2370 2518
2370 2590
2370 2591
2370 2592
2593 145
2371 215
2371 2523
2371 2594
2595 2349
2372 215
2372 2583
2372 2596
2372 2597
2598 2573
2526 2581
2526 2341
2526 2599
2600 2601
2602 2342
2603 2362
2604 2605
2606 2561
2563 2607
2608 145
218 2342
218 215
218 2355
218 682
218 2361
218 217
218 2364
218 2365
218 2346
218 2609
218 2610
2611 145
2376 2342
2376 215
2376 216
2376 2487
2376 2612
2376 2613
2376 2614
2615 145
685 215
685 2616
685 2617
685 2618
685 2619
685 2620
685 2621
685 2622
685 2623
685 2624
685 2625
685 2626
2627 2628
2627 2629
2630 2631
2632 2633
2632 2634
2635 2636
2637 2638
2639 2640
2639 2641
2642 2643
2642 2644
2642 2645
2642 2646
2642 2647
2648 2649
2650 2651
2652 2653
2654 2627
2655 685
2616 2656
2657 2658
2631 2659
2631 2660
2661 2662
2663 2664
686 2665
686 2666
686 2667
2668 2642
2643 2669
2643 2670
2643 2671
2672 2673
2674 2675
2676 2631
2677 2678
2679 2632
2379 2631
2379 2680
2379 2681
2379 2682
2683 2379
2683 2684
2683 2685
2686 2643
2687 2688
2687 2689
2687 2690
2687 2691
2692 2631
2692 2693
2694 2639
2640 2379
2640 2695
2640 2696
2640 2697
2640 2698
2699 685
2700 2627
2628 2701
2702 2703
2704 2627
2629 2635
2629 2379
2629 2705
2629 2706
2629 2707
2629 2708
2709 685
2710 2711
2712 145
687 215
687 216
687 218
687 685
687 2380
687 2713
687 2714
687 2715
687 2716
687 2717
687 2718
687 2719
687 2720
2721 687
2382 2722
2382 2723
2724 2725
2724 2726
2727 2379
2680 2728
2729 145
219 2730
219 181
219 62
219 661
219 662
219 210
219 211
219 215
219 216
219 2632
219 2635
219 2631
219 2683
219 2692
219 2640
219 2629
219 2382
219 2680
219 2731
219 2732
219 2733
219 2734
219 2735
219 2736
219 2737
219 2738
219 2739
219 2740
219 2741
219 2742
219 2743
219 2744
219 2745
219 2746
219 2747
219 2748
219 2749
219 2750
219 2751
219 2752
2753 2754
2755 2640
2641 219
2756 181
2384 215
2384 685
2384 2677
2384 2379
2384 2629
2384 2724
2384 219
2384 2757
2758 219
2732 2759
2732 2760
2761 2687
2689 2629
2689 219
2689 2384
2762 685
2620 2616
2620 686
2620 2709
2620 2710
2620 2763
2764 2384
2765 2766
2767 215
2385 2380
2385 687
2385 219
2385 2768
2769 2687
2690 219
2690 2734
2770 2631
2771 2652
2653 2772
2773 145
689 215
689 685
689 686
689 2379
689 2382
689 219
689 2665
689 2384
689 2385
689 2774
689 2775
689 2776
2777 2778
2779 2683
2708 2629
2708 219
2708 2780
2781 685
2782 215
690 2637
690 2650
690 2379
690 219
690 2732
690 2783
2784 2640
2785 2674
2662 219
2662 2384
2786 2787
2788 2648
2649 219
2649 2384
2649 2765
2789 2642
2790 219
2791 685
2792 2637
2783 690
2793 685
2625 2620
2794 2795
2796 2797
2796 2798
2796 2799
2796 2800
2796 2801
2802 2796
2803 2804
2805 2806
2807 2808
2807 2809
2810 2811
2812 2813
2814 2796
2814 2815
2814 2816
2817 2818
2817 2819
2820 145
2389 215
2389 2805
2389 2821
2389 2822
2389 2823
2389 2824
2389 2825
2826 2827
2826 2828
2829 2830
2831 145
2390 2794
2390 2796
2390 2389
2390 2826
2390 2832
2390 2833
2390 2834
2835 2836
2837 2838
2839 2840
2841 2842
2841 2843
2844 2845
2844 2846
2847 2848
2849 145
220 215
220 2796
220 2810
220 2817
220 2389
220 2390
220 2835
220 2838
220 2850
220 2851
220 2852
220 2853
220 2854
220 2855
2856 2857
2858 215
2392 2371
2392 2807
2392 2389
2392 2390
2392 2844
2392 220
2392 2859
2860 215
2801 2389
2801 2861
2862 2847
2848 220
2848 2801
2848 2863
2848 2864
2848 2865
2866 2867
2868 2869
2870 2871
2872 215
2872 2873
2872 2874
2872 2875
2872 2876
2877 2878
2879 2880
2879 2881
2882 2883
2884 2885
2886 2872
2873 2887
2888 145
221 215
221 220
221 2872
221 2889
221 2890
221 2891
221 2892
221 2893
221 2894
221 2895
221 2896
221 2897
221 2898
221 2899
221 2900
221 2901
221 2902
221 2903
221 2904
2905 2872
693 221
2906 221
2906 2907
2908 2909
2910 221
2911 2912
2913 2872
2909 2914
2915 2872
2880 221
2880 2916
2880 2917
2880 2918
2919 2920
2919 2880
2919 2921
2922 145
222 2866
222 2868
222 2882
222 221
222 2909
222 2880
222 2919
222 2923
222 2924
222 2925
222 2926
222 2927
222 2928
222 2929
222 2930
222 2931
2932 2872
2875 2884
2875 2873
2875 221
2875 2911
2875 2880
2875 222
2875 2933
2875 2934
2935 222
2936 2872
695 221
695 222
695 2937
695 2938
2939 2940
2939 2941
2942 2943
2944 2945
2944 2946
2944 2947
2944 2948
2949 2950
2951 2952
2951 2953
2954 2955
2956 2957
2956 2958
2956 2959
2960 2944
2945 2961
2945 2962
2945 2963
2945 2964
2965 2966
2965 2967
2968 2969
2968 2970
2971 2972
2973 2974
2973 2975
2973 2976
2977 2978
2979 2980
2395 2949
2395 2945
2395 2968
2395 2981
2395 2982
2395 2983
2395 2984
2395 2985
2395 2986
2395 2987
2395 2988
2395 2989
2990 2991
2992 2395
2993 2994
2995 2951
2996 202
2957 2395
2957 2997
2957 2998
2957 2999
2957 3000
2957 3001
3002 3003
3004 145
696 1624
696 65
696 215
696 2642
696 2643
696 219
696 3005
696 2956
696 2395
696 2981
696 3006
696 2957
696 3007
696 3008
696 3009
696 3010
696 3011
696 3012
696 3013
696 3014
3015 3016
3017 2944
2947 2945
2947 2395
2947 3018
3019 3020
3019 3021
3022 2957
3023 3024
3025 3026
3025 3027
3028 2395
3029 3030
3031 2957
3032 2954
3033 696
3034 3035
3036 2395
2991 2990
3037 2395
3038 2395
3039 3040
2941 3041
2941 2395
2941 696
2941 3042
2941 3043
3044 3019
3021 2972
3045 2981
3046 3047
3046 3048
3049 3050
3049 3051
3052 3053
3052 3054
3052 3055
3052 3056
3052 3057
3052 3058
3052 3059
3052 3060
3052 3061
3062 3063
3050 3049
3050 3064
3050 3065
3050 3066
3050 3067
3050 3068
3050 3069
3050 3070
3050 3071
3072 3050
3073 3052
3074 3052
697 3050
697 3075
697 3076
697 3077
697 3078
697 3079
697 3080
697 3081
697 3082
697 3083
697 3084
697 3085
3086 3087
3088 697
3088 3089
3088 3090
3091 697
698 3092
698 3093
698 3094
698 3095
698 3096
698 3097
698 3098
698 3099
698 3100
3101 3050
3066 3102
3103 3046
3047 3050
3047 697
3047 698
3047 3104
3047 3105
3047 3106
3107 697
3108 3052
3056 3109
3110 181
699 186
699 62
699 437
699 63
699 64
699 65
699 215
699 697
699 3111
699 3047
699 3112
699 3113
699 3114
699 3115
699 3116
699 3117
699 3118
699 3119
699 3120
699 3121
699 3122
699 3123
699 3124
3125 3052
3057 697
3057 3126
3057 3127
3057 3128
3057 3129
3057 3130
3057 3131
3132 698
3093 3133
3134 697
3078 3056
3078 3057
3078 3135
3136 3057
3137 697
3138 697
3139 3046
3048 697
3140 697
3140 3047
3140 3141
3142 697
3079 3143
3079 3144
3079 3145
3079 3146
3147 698
3094 699
3094 3079
3148 697
3095 3047
3095 699
3149 3057
3150 3088
3151 3049
3051 3078
3152 3079
3153 3154
3155 3156
3155 3157
3155 3158
3155 3159
3160 3161
3160 3162
3160 3163
3164 3165
1534 3166
1534 3167
1534 3168
1534 3169
1534 3170
3171 3155
3156 1534
3172 3155
3157 1534
3157 3173
3157 3174
3157 3175
3157 3176
3177 1534
3177 3178
3179 1534
3173 3157
3180 3160
3158 1534
3158 3157
3158 3181
3158 3182
3158 3183
3184 3158
3185 1534
3176 3157
3176 3158
3186 1534
3159 3187
3159 3158
3159 3188
3189 3190
3191 62
700 1579
700 437
700 660
700 211
700 3192
700 3193
700 3194
700 3195
700 3196
700 3197
700 3198
700 3199
700 3200
700 3201
3202 1579
701 210
701 3203
701 3204
701 3205
701 3206
701 3207
701 3208
3209 3210
3211 1579
3192 3212
3213 3214
3213 3215
3216 3217
1596 3218
1596 3219
3220 700
3193 701
3193 3213
3193 3221
3193 3222
3223 3224
3225 145
703 177
703 181
703 182
703 62
703 188
703 193
703 654
703 1579
703 437
703 207
703 1624
703 208
703 209
703 210
703 64
703 65
703 215
703 1596
703 3226
703 3227
703 3228
703 3229
703 3230
703 3231
703 3232
703 3233
703 3234
703 3235
703 3236
703 3237
703 3238
703 3239
703 3240
703 3241
703 3242
703 3243
703 3244
3245 181
704 62
704 1579
704 437
704 207
704 661
704 209
704 63
704 66
704 215
704 1596
704 3193
704 3246
704 3247
704 3248
704 3249
704 3250
704 3251
704 3252
704 3253
704 3254
704 3255
704 3256
3257 3209
1767 1596
1767 704
3258 3259
3258 3260
3261 1579
1588 701
1588 3262
3263 1588
3264 181
705 1579
705 437
705 209
705 64
705 215
705 3265
705 3193
705 3195
705 3266
705 3267
705 3268
705 3269
705 3270
3271 1481
1493 210
1493 3272
1493 3273
1493 3274
1493 3275
1493 3276
3277 3278
3277 3279
3277 3280
3281 1625
3272 1493
3272 3282
3272 3283
3272 3284
3272 3285
3272 3286
3287 145
706 181
706 655
706 207
706 1481
706 661
706 662
706 210
706 211
706 1534
706 1493
706 3272
706 3288
706 3289
706 3290
706 3291
706 3292
706 3293
706 3294
706 3295
706 3296
3297 3298
3297 3299
3300 656
1495 209
1495 210
1495 1493
1495 3277
1495 706
1495 3297
1495 3301
1495 3302
1495 3303
3304 706
3284 3297
3284 3305
3284 3306
3284 3307
3284 3308
3284 3309
3310 145
223 147
223 177
223 181
223 182
223 62
223 188
223 191
223 193
223 202
223 654
223 655
223 656
223 437
223 207
223 1481
223 661
223 662
223 208
223 209
223 210
223 211
223 668
223 1488
223 65
223 215
223 1534
223 3159
223 703
223 1493
223 3277
223 3272
223 1495
223 3284
223 3311
223 3312
223 3313
223 3314
223 3315
223 3316
223 3317
223 3318
223 3319
223 3320
223 3321
223 3322
223 3323
223 3324
223 3325
223 3326
223 3327
223 3328
223 3329
223 3330
223 3331
223 3332
223 3333
223 3334
223 3335
223 3336
223 3337
3338 145
708 181
708 62
708 654
708 655
708 207
708 210
708 215
708 1493
708 706
708 1495
708 3284
708 3339
708 3340
708 3341
3342 1495
3311 3284
3311 223
3311 3343
3311 3344
3311 3345
3311 3346
3347 145
709 177
709 181
709 182
709 62
709 188
709 193
709 654
709 655
709 656
709 437
709 207
709 208
709 209
709 210
709 1632
709 64
709 65
709 215
709 1534
709 3159
709 703
709 1493
709 1495
709 3284
709 3348
709 3349
709 3350
709 3351
709 3352
709 3353
709 3354
709 3355
709 3356
709 3357
709 3358
709 3359
3360 145
710 655
710 210
710 211
710 1534
710 3159
710 1493
710 3272
710 706
710 3284
710 3311
710 709
710 3361
710 3362
710 3363
3364 3365
3366 3367
3366 3368
3369 3370
3371 3372
3373 3369
3370 3374
3370 3375
3370 3376
3377 215
2404 689
2404 3378
2404 3379
2404 3380
2404 3381
2404 3382
2404 3383
3384 3385
3384 3386
3387 3384
3385 3388
3385 3389
3385 3390
3391 686
2667 689
2667 2404
2667 3392
2667 3393
2667 3394
3395 3396
3397 3398
3399 3400
3399 3401
3399 3402
3403 3399
3400 3404
3405 3395
3406 145
2405 3407
2405 3408
2405 3409
2405 3410
2405 3411
2405 3412
2405 3413
2405 3414
2405 3415
2405 3416
2405 3417
2405 3418
2405 3419
2405 3420
3421 3422
3408 3423
3424 3425
3401 3426
3427 3384
3427 3428
3429 3430
3431 145
2406 215
2406 3385
2406 2405
2406 3432
2406 3433
2406 3434
2406 3435
2406 3436
2406 3437
2406 3438
2406 3439
2406 3440
3441 3442
3443 3401
3411 3444
3411 3445
3411 3446
3447 3448
3447 3449
3447 3450
3451 215
2407 2404
2407 2406
2407 3452
2407 3453
2407 3454
2407 3455
2407 3456
2407 3457
2407 3458
3459 145
224 215
224 3371
224 2405
224 3408
224 2406
224 3432
224 3411
224 2407
224 3460
224 3461
224 3462
224 3463
3464 3465
3464 3466
3464 3467
3468 3469
3470 2405
3414 2406
3414 3411
3414 3471
3414 3472
3414 3473
3414 3474
3414 3475
3476 145
225 181
225 215
225 2405
225 2406
225 3411
225 2407
225 224
225 3414
225 3477
225 3478
225 3479
225 3480
3481 3370
3374 2406
3374 3482
3483 3484
3485 3401
3486 2407
2410 3487
3488 145
226 147
226 181
226 182
226 62
226 207
226 1481
226 661
226 662
226 209
226 210
226 211
226 668
226 65
226 66
226 215
226 216
226 3489
226 2405
226 3490
226 3408
226 3429
226 2406
226 3491
226 3411
226 3464
226 3468
226 3414
226 225
226 3492
226 3493
226 3494
226 3495
226 3496
226 3497
226 3498
226 3499
226 3500
226 3501
226 3502
226 3503
226 3504
226 3505
226 3506
226 3507
226 3508
3509 3510
3511 215
713 3366
713 2406
713 2407
713 224
713 2410
713 226
3512 3513
3514 3370
3376 3401
3376 2406
3376 3411
3376 224
3376 226
3376 3515
3376 3516
3517 2406
3466 3464
3466 226
3466 3518
3466 3519
3520 2667
3386 2407
3521 3464
3467 225
3522 3399
3523 3524
3497 3467
3525 3366
2413 2404
2413 2667
2413 2407
3526 145
714 181
714 62
714 188
714 193
714 215
714 223
714 2405
714 2407
714 224
714 3414
714 225
714 226
714 3527
714 3528
714 3529
714 3530
3531 1
227 145
227 147
227 181
227 182
227 62
227 207
227 661
227 662
227 209
227 210
227 1686
227 211
227 1488
227 63
227 64
227 65
227 66
227 215
227 216
227 219
227 3384
227 3385
227 3532
227 3533
227 2405
227 3534
227 3408
227 3427
227 2406
227 3432
227 3535
227 3411
227 3447
227 2407
227 224
227 3464
227 3414
227 3536
227 2410
227 226
227 3418
227 3376
227 3466
227 3467
227 3537
227 3538
227 3539
227 3540
227 3541
227 3542
227 3543
227 3544
227 3545
227 3546
227 3547
3548 145
3548 3549
3548 3550
3548 3551
3548 3552
3548 3553
3548 3554
3548 3555
3548 3556
3557 3558
3557 3559
3557 3560
3561 3562
3561 3563
3564 3565
3566 3567
3566 3568
3566 3569
3570 3571
3572 3573
3574 3575
3576 3577
3578 3579
3578 3580
3581 3557
3558 3582
3558 3583
3584 3576
3549 3585
3586 145
716 3548
716 3566
716 3574
716 3587
716 3588
716 3589
716 3590
716 3591
716 3592
716 3593
716 3594
716 3595
716 3596
3597 3598
3599 716
3587 3600
3601 145
228 147
228 177
228 181
228 182
228 62
228 188
228 193
228 199
228 200
228 207
228 1481
228 662
228 209
228 65
228 215
228 216
228 217
228 220
228 223
228 3602
228 3561
228 3566
228 3576
228 3549
228 716
228 3597
228 3587
228 3603
228 3604
228 3605
228 3606
228 3607
228 3608
228 3609
228 3610
228 3611
228 3612
228 3613
228 3614
228 3615
228 3616
228 3617
228 3618
228 3619
228 3620
228 3621
228 3622
228 3623
228 3624
228 3625
228 3626
228 3627
228 3628
228 3629
228 3630
228 3631
3632 228
3603 3633
3634 228
3635 3636
3637 3638
3639 228
3640 3641
3642 228
3643 716
2418 228
2418 3644
3645 228
3559 3646
3647 228
3648 145
229 181
229 62
229 215
229 3548
229 3578
229 716
229 228
229 3649
229 3650
229 3651
229 3652
229 3653
229 3654
229 3655
229 3656
229 3657
229 3658
229 3659
229 3660
229 3661
229 3662
3663 716
3590 228
3590 229
3664 145
3553 3548
3553 3572
3553 716
3553 228
3553 3603
3553 229
3553 3665
3553 3666
3667 3574
3575 716
3575 228
3575 3637
3668 3669
3654 3670
3654 3671
3672 3548
3554 3564
3554 716
3554 228
3554 3640
3554 229
3554 3553
3554 3654
3554 3673
3674 3554
3675 3548
2420 3578
2420 716
2420 228
2420 3553
2420 3554
2420 3676
2420 3677
3678 228
3615 2418
3679 228
3556 3680
3556 3654
3556 3554
3681 3682
3683 3684
3685 3686
3687 3688
3689 3685
3689 3690
3691 3692
3691 3693
3691 3694
3695 3696
3695 3697
3695 3698
3695 3699
3695 3700
3695 3701
3702 2
111 3695
111 3703
111 3704
111 3705
3706 215
2421 3695
2421 111
2421 3707
2421 3708
2421 3709
3710 2
112 3695
112 3711
112 111
3712 3713
3714 3695
3698 3712
3715 3716
3717 3695
3718 3719
3688 3720
3688 3721
3722 3691
3723 3688
3724 3079
3099 3725
3726 3727
3728 3701
3729 3701
3730 3691
3731 3732
3733 3734
3735 3736
3737 3738
3739 3740
325 3741
3742 3743
3744 221
3738 3745
3738 3746
3738 3747
3738 3748
3738 3749
3738 3750
3738 3751
3738 3752
3753 3735
3736 3754
3736 3755
3736 3756
3757 3738
3745 3758
3759 3760
3761 3762
3761 3763
3764 221
2896 3765
2896 3766
3767 3768
3767 3769
3770 221
2897 3738
2897 3771
2897 3772
2897 3773
2897 3774
3775 3736
3771 2897
3776 3738
3746 3745
3746 3777
3778 3779
3780 3781
3782 3778
3779 3783
3779 3784
3779 3785
3779 3786
3787 3779
3788 221
3740 3738
3740 3767
3740 2897
3740 3780
3740 3789
3740 3790
3740 3791
3740 3792
3740 3793
3740 3794
3795 3738
3796 3740
3797 3798
3799 145
230 181
230 62
230 215
230 2872
230 221
230 693
230 222
230 695
230 228
230 3738
230 3759
230 2896
230 2897
230 3771
230 3746
230 3740
230 3800
230 3801
230 3802
230 3803
230 3804
230 3805
230 3806
230 3807
230 3808
230 3809
230 3810
230 3811
230 3812
230 3813
230 3814
3815 3740
3790 230
3790 3816
3817 3779
2597 3818
2597 3819
2597 3820
2597 3821
2597 3822
2597 3823
3824 230
3825 3740
3826 230
3803 3802
3827 325
3828 3829
3830 323
326 3831
3832 3833
3834 3759
3835 3836
3837 3838
3839 3790
3816 326
3840 230
3841 3842
3843 221
2899 2897
2899 230
3844 3832
3845 3738
3846 2897
3774 230
3847 3738
3750 3779
3750 3740
3750 2597
3750 3828
3750 3848
3849 2597
3798 3850
3851 22
231 145
231 181
231 62
231 661
231 215
231 216
231 2583
231 221
231 3733
231 3738
231 3759
231 3761
231 3746
231 3778
231 3779
231 3740
231 230
231 2597
231 3828
231 3841
231 3798
231 3852
231 3853
231 3854
231 3855
231 3856
231 3857
231 3858
231 3859
3860 3761
3763 3837
3763 3861
3862 3863
3864 3767
3769 3740
3769 3865
3866 3767
3865 3769
3867 3750
3868 3798
3869 3740
3870 22
2424 145
2424 181
2424 62
2424 215
2424 221
2424 228
2424 3738
2424 3746
2424 3779
2424 3740
2424 230
2424 2597
2424 3798
2424 3871
2424 3872
2424 3873
2424 3874
2424 3875
2424 3876
2424 3877
3878 3879
3880 3881
3882 3883
3882 3884
3882 3885
3886 3887
3888 3889
3883 3890
3883 3891
3892 3893
3894 3883
3894 3895
3894 3896
3894 3897
3898 3882
3884 3883
3884 3892
3884 3894
3884 3899
3884 3900
3901 3883
3902 3903
3904 3884
3905 3906
3907 145
3879 3880
3879 3882
3879 3883
3879 3884
3879 3905
3879 3908
3909 3910
3909 3911
3912 3909
3913 3914
3913 3915
3916 145
232 62
232 198
232 200
232 202
232 215
232 3917
232 220
232 2856
232 221
232 228
232 230
232 3909
232 3913
232 3918
232 3919
232 3920
232 3921
232 3922
232 3923
232 3924
232 3925
3926 3927
3928 3909
3928 3929
3930 145
722 220
722 221
722 3909
722 3926
722 3931
3932 232
3932 722
3933 722
3934 202
3934 3935
3936 722
3937 722
3938 232
3939 145
160 155
160 147
160 158
160 177
160 180
160 181
160 182
160 184
160 185
160 186
160 62
160 193
160 196
160 197
160 198
160 200
160 202
160 203
160 207
160 214
160 215
160 221
160 111
160 3940
160 3941
160 3942
160 3943
160 3944
160 3945
160 3946
160 3947
160 3948
160 3949
160 3950
160 3951
160 3952
160 3953
160 3954
160 3955
160 3956
160 3957
160 3958
160 3959
160 3960
160 3961
3962 402
522 160
522 3963
522 3964
522 3965
3966 160
3940 3967
3940 3968
3969 3970
3971 160
3972 160
3973 145
234 177
234 178
234 181
234 413
234 182
234 183
234 184
234 185
234 62
234 193
234 427
234 522
234 3974
234 3975
3976 522
3977 3978
3292 3979
3980 223
3315 709
3315 3981
3315 3982
3315 3983
3984 145
1563 211
1563 706
1563 223
1563 709
1563 710
1563 3292
1563 3985
1563 3986
3987 3315
3988 210
3170 710
3170 3292
3170 3315
3170 1563
3170 3989
3990 223
3294 709
3294 3292
3294 1563
3991 3981
3992 160
3992 3993
3992 3994
3992 3995
3992 3996
3992 3997
3992 3998
3992 3999
3992 4000
4001 145
728 181
728 182
728 62
728 654
728 656
728 1581
728 207
728 661
728 208
728 209
728 210
728 211
728 215
728 703
728 223
728 709
728 4002
728 4003
728 4004
728 4005
728 4006
728 4007
728 4008
728 4009
728 4010
728 4011
728 4012
728 4013
728 4014
728 4015
4016 1581
3993 211
3993 3992
3993 4017
3993 4018
3993 4019
3993 4020
3993 4021
3993 4022
3993 4023
4024 207
3994 210
3994 3992
3994 4025
3994 4026
3994 4027
3994 4028
3994 4029
3994 4030
3994 4031
3994 4032
3994 4033
3994 4034
4035 3994
4017 4036
4017 4037
4017 4038
4039 4040
4041 145
729 181
729 654
729 207
729 661
729 208
729 209
729 210
729 64
729 65
729 223
729 709
729 3993
729 3994
729 4039
729 4042
729 4043
729 4044
729 4045
729 4046
729 4047
729 4048
729 4049
729 4050
729 4051
729 4052
729 4053
4054 324
3996 3992
3996 4017
3996 4055
4056 181
730 654
730 207
730 661
730 208
730 209
730 210
730 3993
730 4057
730 4058
730 4059
730 4060
730 4061
730 4062
730 4063
730 4064
730 4065
4066 729
4042 4067
4042 4068
4042 4069
4070 181
67 193
67 207
67 215
67 223
67 728
67 729
67 730
67 4071
67 4072
4073 145
732 181
732 62
732 1581
732 207
732 661
732 210
732 211
732 160
732 3992
732 3994
732 4074
732 4075
732 4076
732 4077
732 4078
732 4079
732 4080
732 4081
732 4082
732 4083
4084 145
733 181
733 1581
733 207
733 210
733 223
733 709
733 3993
733 4042
733 4085
733 4086
733 4087
733 4088
733 4089
733 4090
733 4091
4092 145
734 181
734 654
734 207
734 661
734 210
734 668
734 223
734 709
734 728
734 729
734 730
734 732
734 733
734 4093
734 4094
734 4095
734 4096
734 4097
734 4098
734 4099
734 4100
734 4101
4102 207
1705 210
1705 211
1705 3992
1705 3993
1705 3994
1705 3996
1705 734
1705 4103
1705 4104
1705 4105
1705 4106
4107 207
4094 661
4094 208
4094 209
4094 210
4094 211
4094 3993
4094 734
4094 4108
4094 4109
4094 4110
4094 4111
4094 4112
4113 145
4006 728
4006 729
4006 730
4006 733
4006 1705
4006 4114
4006 4115
4006 4116
4117 728
4007 734
4007 4118
4007 4119
4007 4120
4007 4121
4122 145
735 654
735 207
735 208
735 209
735 210
735 64
735 728
735 730
735 733
735 1705
735 4094
735 4123
735 4124
4125 734
4096 4126
4127 145
235 147
235 181
235 182
235 62
235 193
235 197
235 198
235 199
235 200
235 201
235 202
235 203
235 160
235 4128
235 4129
235 4130
235 4131
235 4132
235 4133
235 4134
235 4135
235 4136
235 4137
235 4138
235 4139
235 4140
235 4141
235 4142
235 4143
235 4144
235 4145
235 4146
235 4147
235 4148
235 4149
4150 235
4128 4151
4128 4152
4153 235
4154 235
4155 145
236 202
236 160
236 235
236 4156
236 4157
236 4158
4159 235
4131 4128
4131 236
4160 147
4160 236
4161 4162
4161 4163
4164 235
4165 236
4166 143
148 145
148 4129
148 4167
4168 145
4132 235
4132 236
4169 235
4133 4170
4171 145
4172 143
149 145
149 235
4173 235
4173 4174
4175 145
238 181
238 235
238 236
238 4133
238 738
238 4173
4176 235
4177 235
4178 235
4179 223
4179 4180
4179 4181
4179 4182
4179 4183
4179 4184
4179 4185
4179 4186
4187 4188
4187 4189
4187 4190
4187 4191
4192 145
741 181
741 655
741 656
741 207
741 660
741 661
741 662
741 1625
741 208
741 209
741 1685
741 210
741 211
741 1488
741 63
741 64
741 65
741 66
741 215
741 703
741 704
741 705
741 706
741 223
741 709
741 710
741 160
741 735
741 4179
741 4193
741 4194
741 4195
741 4196
741 4197
741 4198
741 4199
741 4200
741 4201
741 4202
741 4203
741 4204
741 4205
741 4206
741 4207
741 4208
741 4209
741 4210
741 4211
741 4212
4213 4214
4193 4215
4193 4216
4193 4217
4193 4218
4193 4219
4193 4220
4193 4221
4193 4222
4193 4223
4193 4224
4225 4226
4225 4227
4225 4228
4229 4230
4231 4232
4231 4233
4234 4235
4227 4236
4227 4237
4227 4238
4239 4193
4214 4240
4214 4241
4242 4243
4118 4244
4245 4179
4245 741
4245 4246
4245 4247
4245 4248
4249 4250
4249 4251
4249 4252
4249 4253
4254 4214
4254 4255
4256 654
1503 207
1503 210
1503 4179
1503 4245
1503 4257
1503 4258
1503 4259
1503 4260
1503 4261
1503 4262
4263 145
742 181
742 62
742 207
742 661
742 662
742 209
742 210
742 211
742 668
742 63
742 64
742 65
742 66
742 215
742 223
742 226
742 160
742 4187
742 741
742 4225
742 4231
742 4264
742 4265
742 4266
742 4267
742 4268
742 4269
742 4270
742 4271
742 4272
742 4273
742 4274
742 4275
742 4276
742 4277
742 4278
742 4279
4280 4118
4243 4281
4282 4118
4244 4243
4244 4283
4284 4285
4284 4286
4287 742
4264 4288
4264 4289
4290 4179
4181 4291
4292 4293
4294 4295
4294 4296
4294 4297
4294 4298
4299 145
743 177
743 181
743 62
743 188
743 193
743 198
743 654
743 655
743 656
743 1096
743 1581
743 437
743 94
743 207
743 660
743 661
743 662
743 208
743 209
743 1685
743 210
743 1686
743 211
743 667
743 1661
743 1632
743 1488
743 669
743 63
743 64
743 65
743 66
743 215
743 701
743 703
743 704
743 705
743 706
743 1495
743 223
743 709
743 710
743 228
743 160
743 1563
743 3992
743 728
743 3993
743 3994
743 729
743 730
743 67
743 732
743 733
743 734
743 1705
743 4094
743 4006
743 735
743 741
743 4193
743 1503
743 742
743 4300
743 4301
743 4302
743 4303
743 4304
743 4305
743 4306
743 4307
743 4308
743 4309
743 4310
743 4311
743 4312
743 4313
743 4314
743 4315
743 4316
743 4317
743 4318
743 4319
743 4320
743 4321
743 4322
743 4323
743 4324
743 4325
743 4326
743 4327
743 4328
743 4329
743 4330
743 4331
743 4332
743 4333
743 4334
743 4335
743 4336
743 4337
743 4338
743 4339
4340 4294
4295 4341
4342 4343
4266 4344
4266 4345
4346 4347
4348 145
744 181
744 62
744 193
744 207
744 661
744 209
744 210
744 211
744 668
744 1488
744 64
744 65
744 215
744 223
744 709
744 160
744 4179
744 4231
744 742
744 4264
744 743
744 4266
744 4349
744 4350
744 4351
744 4352
744 4353
744 4354
744 4355
744 4356
744 4357
744 4358
744 4359
744 4360
744 4361
744 4362
744 4363
4364 4179
4285 4284
4285 4365
4366 145
745 181
745 182
745 62
745 654
745 656
745 1581
745 437
745 94
745 207
745 1481
745 1673
745 661
745 662
745 208
745 209
745 210
745 1686
745 211
745 1661
745 668
745 63
745 64
745 65
745 66
745 215
745 701
745 703
745 704
745 705
745 223
745 709
745 160
745 728
745 729
745 730
745 732
745 733
745 734
745 1705
745 735
745 741
745 1503
745 742
745 744
745 4367
745 4368
745 4369
745 4370
745 4371
745 4372
745 4373
745 4374
745 4375
745 4376
745 4377
745 4378
745 4379
745 4380
745 4381
745 4382
745 4383
4384 145
239 177
239 181
239 408
239 182
239 62
239 188
239 191
239 193
239 200
239 654
239 655
239 1544
239 656
239 1096
239 1581
239 207
239 661
239 208
239 209
239 1685
239 210
239 211
239 64
239 65
239 215
239 701
239 703
239 704
239 705
239 3277
239 706
239 223
239 708
239 709
239 710
239 714
239 227
239 228
239 160
239 67
239 734
239 4006
239 735
239 4179
239 4193
239 4245
239 1503
239 742
239 743
239 745
239 4385
239 4386
239 4387
239 4388
239 4389
239 4390
239 4391
239 4392
239 4393
239 4394
239 4395
239 4396
239 4397
239 4398
239 4399
239 4400
239 4401
239 4402
239 4403
239 4404
239 4405
239 4406
239 4407
239 4408
239 4409
239 4410
239 4411
239 4412
239 4413
4414 742
4269 744
4269 4415
4416 4179
4302 743
4302 4295
4302 744
4302 4417
4302 4418
4419 181
3324 207
3324 211
3324 65
3324 223
3324 4179
3324 4193
3324 4294
3324 743
3324 744
3324 239
3324 4420
3324 4421
3324 4422
3324 4423
3324 4424
3324 4425
4426 4266
4344 744
4344 4427
4344 4428
4344 4429
4430 145
4011 210
4011 728
4011 4179
4011 741
4011 1503
4011 742
4011 743
4011 239
4011 4431
4011 4432
4011 4433
4011 4434
4011 4435
4011 4436
4011 4437
4438 744
4353 4269
4439 743
4297 744
4297 4302
4297 4440
4441 4214
4241 4254
4442 654
1508 1503
1508 4443
1508 4444
4445 145
747 177
747 181
747 182
747 62
747 654
747 655
747 656
747 1581
747 94
747 207
747 660
747 1673
747 661
747 662
747 208
747 209
747 1685
747 210
747 1686
747 211
747 1661
747 1632
747 1488
747 669
747 63
747 64
747 65
747 66
747 215
747 701
747 703
747 704
747 706
747 223
747 709
747 710
747 227
747 228
747 160
747 3992
747 3993
747 3994
747 67
747 734
747 4006
747 735
747 4179
747 4193
747 1503
747 742
747 743
747 745
747 3324
747 4011
747 1508
747 4446
747 4447
747 4448
747 4449
747 4450
747 4451
747 4452
747 4453
747 4454
747 4455
747 4456
747 4457
747 4458
747 4459
747 4460
747 4461
747 4462
747 4463
747 4464
747 4465
747 4466
747 4467
4468 4245
4248 4469
4248 4470
4471 145
4306 207
4306 210
4306 734
4306 4006
4306 735
4306 743
4306 745
4306 4011
4306 4472
4306 4473
4474 145
4307 207
4307 210
4307 1705
4307 743
4307 4011
4307 4475
4476 4118
3268 4244
3268 4294
3268 3324
4477 742
4286 4284
4286 4241
4286 4478
4286 4479
4480 4285
4481 4227
4482 4187
4191 4227
4191 4266
4191 744
4191 4483
4191 4484
4485 145
240 181
240 62
240 654
240 656
240 1581
240 437
240 94
240 207
240 1669
240 1481
240 1782
240 1673
240 661
240 662
240 1679
240 1625
240 1681
240 208
240 209
240 1685
240 210
240 1686
240 211
240 1661
240 668
240 1632
240 1488
240 63
240 65
240 66
240 215
240 703
240 704
240 223
240 709
240 710
240 160
240 728
240 730
240 733
240 734
240 1705
240 4179
240 741
240 4193
240 4249
240 743
240 744
240 745
240 239
240 4011
240 4241
240 747
240 4307
240 4286
240 4486
240 4487
240 4488
240 4489
240 4490
240 4491
240 4492
240 4493
240 4494
240 4495
240 4496
240 4497
4498 160
4200 4011
4200 4499
4500 4193
4220 4501
4220 4502
4503 181
3326 223
3326 4249
3326 743
3326 239
3326 3324
3326 4220
4504 4011
3921 4200
3921 4505
4506 4286
4478 4507
4508 4286
3922 4478
4509 744
4358 4344
4510 145
749 181
749 62
749 193
749 655
749 656
749 207
749 661
749 208
749 209
749 210
749 211
749 668
749 64
749 65
749 66
749 215
749 703
749 223
749 709
749 732
749 4179
749 4193
749 743
749 745
749 3324
749 4011
749 1508
749 240
749 3326
749 3921
749 4511
749 4512
749 4513
749 4514
749 4515
749 4516
4517 4225
4272 742
4272 4264
4272 744
4518 4344
4519 4520
4519 4521
4519 4522
4523 4524
4523 4525
4526 4527
4528 4529
4530 4531
1986 4532
1986 4533
1986 4534
1986 4535
1986 4536
1986 4537
1986 4538
4539 4540
4541 4542
4541 4543
4544 4545
4544 4546
4544 4547
4548 4519
4520 4549
4550 4523
4524 4551
4524 4552
4524 4553
4554 4555
4554 4556
4554 4557
4558 4559
4558 4560
4561 62
1139 4544
1139 4562
1139 4563
1139 4564
1139 4565
4566 145
750 202
750 661
750 209
750 2080
750 64
750 2078
750 82
750 2061
750 3051
750 4567
750 4568
750 4569
750 4570
750 4571
750 4572
750 4573
750 4574
750 4575
750 4576
750 4577
750 4578
750 4579
750 4580
750 4581
750 4582
750 4583
750 4584
750 4585
750 4586
4587 4588
4589 4587
4590 4591
4590 4592
4590 4593
4594 4595
4596 4597
4596 4598
4599 181
751 239
751 4600
751 4601
751 4602
751 4603
751 4604
4605 4606
4605 4607
4605 4608
4609 4590
752 4594
752 4610
752 4611
752 4612
752 4613
752 4614
752 4615
752 4616
4617 4618
4617 4619
4617 4620
4621 4558
4559 4622
4559 4623
4559 4624
4559 4625
4626 4627
4628 4629
4630 65
753 750
753 4590
753 751
753 4631
753 4632
753 4633
753 4634
753 4635
753 4636
753 4637
4638 750
4569 4639
4569 4640
4569 4641
4569 4642
4643 1986
4644 1986
4645 750
4570 4646
4647 4523
4525 4524
4525 752
4525 4648
4649 1986
4650 4569
4571 4651
4652 4569
4555 4653
4654 437
4654 4655
4654 4656
4657 4524
4552 4559
4552 4658
4659 1986
4660 4661
4662 207
754 660
754 661
754 209
754 211
754 63
754 64
754 65
754 66
754 215
754 4528
754 1986
754 750
754 751
754 752
754 4559
754 753
754 4525
754 4552
754 4663
754 4664
754 4665
754 4666
754 4667
754 4668
754 4669
754 4670
754 4671
754 4672
754 4673
754 4674
754 4675
754 4676
754 4677
754 4678
754 4679
754 4680
4681 4570
4573 4682
4683 4605
4606 4684
4685 4528
4491 753
4491 754
4491 4686
4491 4687
4491 4688
4491 4689
4690 320
919 186
919 62
919 660
919 4544
919 1139
919 754
919 4491
919 4691
919 4692
919 4693
919 4694
919 4695
919 4696
919 4697
4698 4519
4521 4554
4521 751
4521 752
4521 753
4521 754
4521 4699
4700 1139
4701 4491
4597 919
4702 4526
4527 751
4527 4605
4527 4628
4527 753
4527 4654
4527 754
4527 4491
4527 4703
4704 753
4634 4705
4706 4573
4707 4570
4646 4708
4709 4520
4635 753
4635 4710
4635 4711
4712 4541
4543 4594
4543 754
4713 4558
4714 752
4614 4715
4716 4614
4715 4717
4718 4649
4719 4534
4720 4721
4722 4618
4619 4723
4724 145
241 181
241 62
241 193
241 207
241 210
241 63
241 64
241 65
241 66
241 223
241 4519
241 1986
241 4544
241 4554
241 750
241 752
241 4617
241 753
241 4569
241 754
241 4573
241 4491
241 919
241 4521
241 4527
241 4725
241 4726
241 4727
241 4728
241 4729
241 4730
241 4731
241 4732
4733 754
4616 241
4734 4596
4577 4571
4577 4654
4577 4527
4577 241
4735 4606
4684 241
4736 4715
4737 228
4737 4738
4737 4739
4740 145
3560 3557
3560 3558
3560 716
3560 228
3560 3559
3560 229
3560 4737
3560 4741
4742 228
4741 4737
4741 3560
4743 4737
4744 4737
4745 3560
4746 4741
4747 4737
4747 3560
4747 4741
4748 4749
4750 4751
4750 4752
4750 4753
4750 4754
4750 4755
4750 4756
4757 4758
4759 4760
4759 4761
4759 4762
4763 4764
4763 4765
4763 4766
4767 4750
4751 4768
4751 4769
4770 4771
4770 4772
4773 4774
4775 215
2441 2947
2441 4776
2441 4777
2441 4778
2441 4779
2441 4780
2441 4781
2441 4782
2441 4783
4784 4785
4784 4786
4787 4784
4785 4788
4785 4789
4785 4790
4785 4791
4792 4749
2963 2441
2963 4793
4794 4795
4794 4796
4797 4798
4797 4799
4800 4801
4802 4803
4802 4804
4805 145
242 181
242 62
242 437
242 207
242 1481
242 661
242 662
242 209
242 210
242 211
242 668
242 63
242 64
242 65
242 215
242 216
242 223
242 226
242 714
242 227
242 160
242 742
242 239
242 754
242 4757
242 4759
242 4763
242 2441
242 4806
242 4807
242 4808
242 4809
242 4810
242 4811
242 4812
242 4813
242 4814
242 4815
242 4816
242 4817
242 4818
242 4819
242 4820
242 4821
242 4822
242 4823
242 4824
4825 4826
4825 4827
4828 4829
4806 4830
4806 4831
4806 4832
4833 242
4807 4834
4807 4835
4836 4837
4836 4838
4836 4839
4836 4840
4841 4842
4843 145
243 181
243 182
243 62
243 188
243 193
243 207
243 661
243 662
243 209
243 210
243 211
243 668
243 65
243 215
243 216
243 218
243 219
243 696
243 226
243 714
243 227
243 160
243 239
243 754
243 241
243 4763
243 2441
243 4785
243 242
243 4806
243 4841
243 4844
243 4845
243 4846
243 4847
243 4848
243 4849
243 4850
243 4851
243 4852
243 4853
243 4854
243 4855
243 4856
243 4857
243 4858
243 4859
243 4860
243 4861
243 4862
243 4863
243 4864
243 4865
4866 4867
4868 4759
4761 4869
4870 4785
4779 4794
4779 243
4779 4871
4779 4872
4873 242
4873 243
4873 4874
4875 145
758 181
758 661
758 209
758 211
758 63
758 64
758 65
758 215
758 4876
758 219
758 2653
758 2944
758 2945
758 2395
758 696
758 4877
758 223
758 227
758 4763
758 4749
758 2441
758 242
758 4779
758 4878
758 4879
758 4880
4881 243
4881 4882
4881 4883
4884 4750
4885 4794
4795 4841
4886 4836
4887 4888
4889 4890
4889 4891
4892 4770
4771 243
4771 4893
4894 243
4846 4895
4896 4759
4762 243
4762 4897
4762 4898
4899 2951
2953 4900
4901 4806
4830 4836
4830 243
4830 4846
4830 4902
4903 4784
4786 4904
4905 696
4811 242
4811 4807
4811 243
4811 4906
4811 4907
4811 4908
4811 4909
4910 145
2445 215
2445 3468
2445 3483
2445 226
2445 714
2445 227
2445 4750
2445 242
2445 243
2445 758
2445 4911
2445 4912
2445 4913
2445 4914
4915 243
4916 243
1605 4917
1605 4918
1605 4919
4920 243
4852 4921
4852 4922
4923 243
4923 4924
4923 4925
4923 4926
4927 4784
4790 4785
4790 4825
4790 4928
4929 145
759 181
759 661
759 209
759 211
759 215
759 226
759 754
759 4763
759 2441
759 4785
759 4794
759 242
759 4825
759 4779
759 2445
759 4930
759 4931
4932 4852
4933 243
4853 4934
4935 2445
4912 4936
4912 4937
4938 4836
4839 243
4839 4830
4839 4853
4939 4836
4840 243
4840 4940
4941 4942
4943 242
4814 243
4814 4761
4814 4944
4814 4945
4814 4946
4947 2441
4948 4757
4758 4802
4758 243
4758 4889
4949 4840
4940 4941
4950 2445
4936 4912
4936 4951
4936 4952
4953 2952
4858 243
4858 4941
4954 243
4882 4881
4882 4936
4882 4955
4956 4751
4769 4790
4957 145
4799 4797
4799 242
4799 243
4799 1605
4799 4923
4799 4814
4799 4958
4799 4959
4799 4960
4961 145
2447 754
2447 4763
2447 2441
2447 242
2447 4762
2447 1605
2447 4923
2447 4814
2447 4799
2447 4962
2447 4963
2447 4964
4965 242
4818 243
4818 4814
4818 2447
4818 4966
4967 4799
4968 4786
4832 4850
4969 4750
4970 2441
4783 2963
4783 4794
4783 243
4783 758
4783 759
4971 4763
4971 243
4971 4972
4973 4757
4819 243
4819 4923
4819 4799
4819 2447
4974 242
4820 4881
4820 2445
4820 4912
4820 4936
4820 4882
4975 4976
4977 4978
4979 4980
4979 4981
4982 4983
4984 4985
4984 4986
4987 4979
4980 4988
4980 4989
4980 4990
4980 4991
4980 4992
4980 4993
4980 4994
4980 4995
4980 4996
4997 750
4578 4980
4578 4998
4578 4999
4578 5000
4578 5001
4578 5002
4578 5003
5004 5005
5004 5006
5007 5008
5009 323
327 5010
5011 5012
5011 5013
5011 5014
5015 4980
5015 5016
5015 5017
5018 4980
4988 5019
5020 5021
5020 5022
5020 5023
5020 5024
5025 337
5026 5027
5026 5028
5026 5029
5030 5031
5032 4980
4989 4988
5033 5034
5035 4984
4985 5036
4985 5037
5038 145
244 181
244 62
244 221
244 222
244 230
244 160
244 4979
244 4980
244 4578
244 5011
244 4988
244 5020
244 5026
244 5030
244 4985
244 5039
244 5040
244 5041
244 5042
244 5043
244 5044
244 5045
244 5046
244 5047
244 5048
5049 244
5050 5020
5022 5051
5052 327
5053 5054
5055 4980
4991 5004
4991 5056
5057 5058
5059 244
5060 4980
4992 5026
5061 5062
5061 5063
5064 337
5065 244
5066 145
245 323
245 324
245 181
245 62
245 215
245 222
245 3740
245 4984
245 4578
245 327
245 5033
245 4985
245 244
245 5053
245 4991
245 5039
245 4992
245 5061
245 5067
245 5068
245 5069
245 5070
245 5071
245 5072
5073 5061
5074 5022
5051 245
5075 5007
5076 204
5076 5077
5076 5078
5076 5079
5076 5080
5076 5081
5076 5082
5083 145
246 181
246 182
246 62
246 160
246 5076
246 5084
246 5085
246 5086
246 5087
246 5088
246 5089
5090 5091
5090 5092
5093 5094
5093 5095
5093 5096
5097 5098
5099 5100
5101 5097
763 5102
763 5103
763 5104
763 5105
763 5106
5107 5093
5094 763
5094 5108
5094 5109
5094 5110
5111 5112
5113 145
247 181
247 246
247 5094
247 5114
247 5115
247 5116
247 5117
247 5118
247 5119
5120 763
5121 5094
765 5122
5123 247
766 5124
5125 145
248 181
248 62
248 160
248 5076
248 246
248 5093
248 763
248 247
248 766
248 5126
248 5127
248 5128
248 5129
248 5130
248 5131
248 5132
5133 763
5126 248
5126 5134
5126 5135
5136 5076
5080 763
5080 248
5080 5137
5080 5138
5139 678
2330 2329
5140 145
249 246
249 763
249 247
249 248
249 5126
249 5080
249 5141
249 5142
249 5143
249 5144
5145 145
250 147
250 177
250 181
250 182
250 184
250 185
250 186
250 62
250 188
250 193
250 214
250 160
250 239
250 5076
250 5090
250 763
250 5094
250 247
250 766
250 248
250 5126
250 249
250 5146
250 5147
250 5148
250 5149
250 5150
250 5151
250 5152
250 5153
250 5154
250 5155
250 5156
5157 250
5148 5158
5159 5148
5160 145
251 181
251 182
251 185
251 62
251 214
251 160
251 5076
251 763
251 247
251 248
251 5126
251 249
251 5161
251 5162
251 5163
251 5164
5165 5166
3207 5167
5168 145
771 181
771 182
771 62
771 193
771 437
771 207
771 661
771 662
771 209
771 210
771 211
771 1488
771 63
771 64
771 65
771 215
771 701
771 5169
771 703
771 704
771 223
771 226
771 160
771 742
771 744
771 239
771 754
771 241
771 242
771 243
771 758
771 759
771 2447
771 5170
771 5171
771 5172
771 5173
771 5174
771 5175
771 5176
771 5177
771 5178
771 5179
771 5180
771 5181
771 5182
771 5183
771 5184
771 5185
771 5186
771 5187
771 5188
771 5189
771 5190
771 5191
5192 5193
5192 5194
5195 5196
5195 5197
5198 5199
4319 5200
4319 5201
4319 5202
4319 5203
4319 5204
4319 5205
4319 5206
5207 771
5170 5208
5209 4220
4238 5210
5211 145
772 1581
772 207
772 210
772 1767
772 3993
772 3994
772 4017
772 4042
772 67
772 4006
772 771
772 4319
772 5212
772 5213
772 5214
772 5215
772 5216
772 5217
772 5218
772 5219
772 5220
772 5221
5222 771
5172 5223
5224 5225
5224 5226
5224 5227
5224 5228
5224 5229
5230 771
5173 5231
5173 5232
5173 5233
5173 5234
5173 5235
5236 1579
5174 771
5174 4319
5174 772
5174 5173
5174 5237
5174 5238
5174 5239
5174 5240
5241 5173
5232 5242
5243 5173
5233 5244
5245 5246
5214 5247
5214 5248
5249 771
5176 5250
5176 5251
5176 5252
5176 5253
5254 3207
5166 771
5166 5255
5166 5256
5166 5257
5258 771
5178 4319
5178 5259
5178 5260
5178 5261
5178 5262
5178 5263
5178 5264
5265 181
1585 1581
1585 1579
1585 223
1585 3992
1585 3993
1585 3994
1585 4017
1585 3996
1585 742
1585 239
1585 771
1585 4319
1585 772
1585 5173
1585 5174
1585 5178
1585 5266
1585 5267
1585 5268
1585 5269
5270 5271
5272 242
4277 771
4277 5176
4277 5273
4277 5274
5275 5276
5277 3258
3259 742
3259 3207
3259 5166
5278 5279
5280 771
5181 5192
5181 5281
5282 5283
5242 5232
5242 5181
5284 5285
5284 5286
5284 5287
5284 5288
5284 5289
5290 1581
4321 771
4321 772
4321 5173
4321 5174
4321 5178
4321 1585
4321 5291
4321 5292
4321 5293
5294 5295
5296 771
5296 1585
5296 5297
5298 771
4049 4319
4049 772
4049 5224
4049 5173
4049 5174
4049 4321
4049 5299
4049 5300
4049 5301
4049 5302
4049 5303
5304 5173
5226 5174
5226 5214
5226 5284
5226 4049
5226 5305
5226 5306
5226 5307
5226 5308
5226 5309
5226 5310
5311 5173
5244 5233
5244 5312
5313 4818
4966 771
4966 5176
4966 4277
4966 5294
5314 5224
4012 5284
4012 4049
4012 5226
4012 5315
5316 145
773 181
773 62
773 1581
773 437
773 207
773 210
773 211
773 65
773 215
773 703
773 223
773 709
773 3992
773 3993
773 3994
773 4017
773 3996
773 67
773 239
773 771
773 4319
773 772
773 5173
773 5174
773 5166
773 1585
773 4321
773 4049
773 5317
773 5318
5319 5320
5321 4096
4051 772
4051 5224
4051 5173
4051 773
4051 5322
5323 5247
5248 5324
5248 5325
5326 5166
5256 5178
5327 145
774 181
774 62
774 188
774 1578
774 1579
774 437
774 207
774 660
774 661
774 662
774 208
774 209
774 210
774 211
774 64
774 65
774 215
774 701
774 703
774 704
774 705
774 223
774 709
774 160
774 3992
774 4017
774 729
774 730
774 732
774 741
774 743
774 239
774 747
774 754
774 241
774 771
774 4319
774 772
774 5173
774 5178
774 1585
774 4321
774 4049
774 5226
774 5244
774 773
774 4051
774 5328
774 5329
774 5330
774 5331
774 5332
774 5333
774 5334
774 5335
5336 4007
5337 5338
5339 4319
3295 5224
3295 5178
3295 4049
3295 5226
5340 5248
5341 771
5342 4193
4223 1503
4223 742
5343 3921
5210 5344
5345 5248
5346 5176
5347 4277
5348 5276
5349 5284
5350 5192
5194 5172
5194 5173
5194 4277
5351 5226
5352 3207
3196 771
3196 5173
3196 5174
3196 773
3196 774
5353 181
775 655
775 656
775 1549
775 207
775 210
775 223
775 3311
775 743
775 239
5354 2061
5355 5356
5355 5357
5358 62
1158 919
1158 5359
1158 5360
5361 5362
5361 5363
5364 5365
5366 660
2189 1760
2189 64
2189 65
2189 66
2189 754
2189 241
2189 1158
2189 5367
2189 5368
2189 5369
2189 5370
2189 5371
2189 5372
2189 5373
2189 5374
2189 5375
2189 5376
5377 437
5367 2189
5378 5379
5378 5380
5381 5382
5383 754
5383 2189
5383 5384
5383 5385
5383 5386
5387 63
776 65
776 66
776 754
776 2189
776 5388
776 5389
776 5390
776 5391
5392 754
4494 2189
4494 776
4494 5393
5394 5395
5394 5396
5397 2189
5370 776
5370 5394
5370 5398
5399 5400
5401 5364
5365 2189
5365 5402
5403 2189
5372 5404
5372 5405
5406 437
2259 64
2259 65
2259 750
2259 754
2259 241
2259 2189
2259 5381
2259 5383
2259 776
2259 4494
2259 5394
2259 5365
2259 5372
2259 5407
2259 5408
2259 5409
5410 754
553 5411
553 2189
553 5372
553 2259
553 5412
5413 2259
5414 553
5415 5383
5416 4559
4625 5372
4625 2259
5417 5418
5419 5420
5421 5422
5423 5424
5423 5425
5426 145
2864 228
2864 232
2864 5417
2864 5427
5428 145
5425 5423
5425 2864
5429 2864
5430 5431
5430 5432
5430 5433
5434 5435
5436 5437
5436 5438
5439 5440
5439 5441
5439 5442
5443 5430
5444 5445
5444 5446
5447 5448
5447 5449
5450 5451
5452 5453
5454 5455
5454 5456
5457 145
68 181
68 62
68 211
68 63
68 64
68 65
68 66
68 215
68 696
68 227
68 5447
68 5458
68 5459
68 5460
68 5461
68 5462
68 5463
68 5464
68 5465
68 5466
68 5467
68 5468
68 5469
68 5470
68 5471
68 5472
68 5473
5474 68
5458 5475
5476 5454
5477 5478
5479 5480
5481 5482
5481 5483
5481 5484
5485 2068
2070 63
2070 5486
2070 66
2070 2069
2070 5439
2070 68
2070 5487
2070 5488
2070 5489
2070 5490
2070 5491
2070 5492
5493 5494
5495 5496
5497 5498
5499 5481
5453 5500
5453 5501
5502 63
778 65
778 754
778 5430
778 5436
778 68
778 5503
778 2070
778 5453
778 5504
778 5505
778 5506
778 5507
778 5508
778 5509
778 5510
5511 22
5512 5513
5514 5439
5441 5515
5516 5450
5451 68
5451 5477
5451 5517
5451 5518
5519 5520
5521 68
5463 5519
5463 5522
5523 5441
5524 5512
5438 5441
5525 2965
2967 750
2967 68
2967 5526
2967 5527
5528 5529
5530 5531
5532 5533
5531 778
5531 5530
5531 5534
5535 2070
5536 5430
5433 5537
5538 68
5449 5539
5540 5434
5435 5541
5435 5454
5435 68
5435 5542
5435 5543
5435 5544
5545 5453
5501 778
5546 1
69 145
69 334
69 329
69 181
69 62
69 660
69 3
69 63
69 64
69 65
69 66
69 215
69 696
69 227
69 3691
69 2421
69 3707
69 5547
69 231
69 68
69 2070
69 5493
69 5548
69 778
69 5451
69 2967
69 5435
69 5549
69 5550
69 5551
69 5552
69 5553
69 5554
69 5555
69 5556
5557 65
5558 5444
5445 5482
5445 778
5445 5559
5445 5560
5445 5561
5562 68
5468 5563
5468 5449
5468 5435
5468 5564
5468 5565
5566 5567
5568 778
5569 5444
5446 5479
5446 778
5446 5445
5446 5566
5570 5528
5571 5531
5572 68
5469 778
5469 5519
5469 5463
5469 5435
5573 68
5470 5435
5470 5574
5470 5468
5470 5575
5576 5577
5575 5578
5579 5580
5581 5582
5583 5584
5585 186
1059 202
1059 2078
1059 2957
1059 750
1059 4578
1059 2967
1059 5586
1059 5587
1059 5588
1059 5589
1059 5590
1059 5591
1059 5592
1059 5593
1059 5594
1059 5595
1059 5596
1059 5597
1059 5598
1059 5599
5600 145
120 147
120 181
120 182
120 186
120 62
120 198
120 202
120 94
120 661
120 1646
120 2221
120 215
120 2372
120 222
120 111
120 160
120 235
120 750
120 4980
120 244
120 245
120 5601
120 1059
120 5602
120 5603
120 5604
120 5605
120 5606
120 5607
120 5608
120 5609
120 5610
120 5611
120 5612
120 5613
120 5614
120 5615
120 5616
120 5617
120 5618
120 5619
120 5620
120 5621
120 5622
120 5623
120 5624
120 5625
120 5626
120 5627
120 5628
120 5629
120 5630
120 5631
120 5632
120 5633
120 5634
120 5635
120 5636
120 5637
5638 364
365 699
365 5639
365 5640
5641 120
5603 5642
5603 5643
5603 5644
5603 5645
5603 5646
5603 5647
5603 5648
5649 1059
5587 120
5587 5650
5587 5651
5587 5652
5587 5653
5587 5654
5587 5655
5587 5656
5587 5657
5587 5658
5587 5659
5587 5660
5587 5661
5662 5587
5663 5664
5665 5666
5667 5668
5669 1679
5605 120
5605 5670
5605 5671
5605 5672
5605 5673
5605 5674
5605 5675
5605 5676
5605 5677
5678 365
5679 5680
5681 5682
5683 5684
5685 145
254 147
254 181
254 193
254 65
254 245
254 120
254 5587
254 5686
254 5687
254 5688
254 5689
254 5690
254 5691
254 5692
254 5693
5694 5695
5694 5696
5694 5697
5694 5698
5699 5700
5699 5701
5702 1059
2460 5703
2460 5704
2460 5705
5706 5707
5708 145
255 147
255 329
255 324
255 177
255 181
255 182
255 62
255 188
255 193
255 198
255 200
255 201
255 202
255 203
255 207
255 660
255 661
255 208
255 209
255 210
255 211
255 63
255 64
255 65
255 66
255 215
255 216
255 221
255 3052
255 697
255 699
255 223
255 228
255 230
255 231
255 160
255 235
255 239
255 754
255 241
255 4980
255 244
255 245
255 68
255 69
255 5575
255 120
255 365
255 5603
255 5587
255 5605
255 5694
255 5699
255 2460
255 5709
255 5710
255 5711
255 5712
255 5713
255 5714
255 5715
255 5716
255 5717
255 5718
255 5719
255 5720
255 5721
255 5722
255 5723
255 5724
255 5725
255 5726
255 5727
255 5728
255 5729
255 5730
255 5731
255 5732
255 5733
255 5734
255 5735
255 5736
255 5737
255 5738
255 5739
255 5740
255 5741
255 5742
255 5743
255 5744
255 5745
255 5746
255 5747
255 5748
255 5749
5750 5751
5750 5752
5753 145
256 147
256 181
256 244
256 120
256 5587
256 254
256 5699
256 255
256 5754
256 5755
256 5756
256 5757
256 5758
256 5759
256 5760
5761 120
5761 255
5761 256
5761 5762
5761 5763
5761 5764
5761 5765
5761 5766
5767 5768
5769 145
257 147
257 181
257 182
257 186
257 62
257 197
257 198
257 200
257 202
257 215
257 160
257 235
257 4132
257 750
257 244
257 1059
257 120
257 254
257 255
257 256
257 5770
257 5771
257 5772
257 5773
257 5774
257 5775
257 5776
5777 5778
5777 5779
5780 5781
5782 5783
5784 65
935 120
935 5587
935 254
935 255
935 5785
935 5786
5787 120
5612 5603
5612 5587
5612 255
5612 935
5612 5788
5612 5789
5612 5790
5791 5792
5793 4975
4976 255
4976 256
4976 5687
5794 255
5715 5795
5715 5796
5715 5797
5715 5798
5715 5799
5715 5800
5801 5587
5801 5802
5801 5803
5804 120
5613 5694
5613 5805
5613 5806
5613 5807
5808 5809
5808 5810
5811 1
113 2
113 145
113 147
113 323
113 329
113 177
113 178
113 181
113 182
113 184
113 185
113 186
113 62
113 188
113 193
113 196
113 197
113 198
113 199
113 200
113 201
113 202
113 203
113 654
113 437
113 207
113 660
113 661
113 208
113 209
113 210
113 211
113 667
113 1632
113 63
113 64
113 65
113 66
113 215
113 216
113 217
113 219
113 221
113 222
113 3052
113 3050
113 697
113 698
113 3047
113 699
113 3079
113 703
113 704
113 223
113 710
113 226
113 227
113 228
113 230
113 231
113 232
113 160
113 235
113 743
113 239
113 747
113 750
113 751
113 754
113 241
113 242
113 243
113 4980
113 244
113 245
113 771
113 68
113 69
113 5579
113 5581
113 5583
113 1059
113 120
113 5603
113 5587
113 5605
113 5679
113 5681
113 254
113 5812
113 5694
113 255
113 256
113 257
113 5813
113 5715
113 5801
113 5613
113 5814
113 5815
113 5816
113 5817
113 5818
113 5819
113 5820
113 5821
113 5822
113 5823
113 5824
113 5825
113 5826
113 5827
113 5828
113 5829
113 5830
113 5831
113 5832
113 5833
113 5834
113 5835
113 5836
113 5837
113 5838
113 5839
113 5840
113 5841
113 5842
113 5843
113 5844
113 5845
113 5846
113 5847
113 5848
113 5849
113 5850
113 5851
5852 3052
3060 255
3060 5715
3060 113
3060 5853
5854 120
5615 5663
5615 5694
5615 255
5615 5613
5615 113
5615 5855
5615 5856
5857 255
5577 113
5577 5858
5577 5859
5577 5860
5577 5861
5862 713
1167 120
1167 5603
1167 5587
1167 5605
1167 255
1167 113
1167 5863
1167 5864
1167 5865
1167 5866
1167 5867
5868 5869
5721 5870
5871 5872
5873 5874
5722 5875
5722 5876
5722 5877
5878 255
5723 5879
5880 5881
5882 254
5689 255
5689 5723
5689 5883
5689 5884
5689 5885
5886 5887
5886 5888
5889 3050
3070 120
3070 5587
3070 255
3070 935
3070 5612
3070 5808
3070 113
3070 5890
3070 5891
3070 5892
3070 5893
3070 5894
5895 255
5726 5721
5726 5896
5726 5897
5898 5899
5900 5577
5901 120
5902 113
5902 5903
5904 255
5905 1059
5906 5907
5906 5908
5909 120
4162 254
4162 255
4162 256
4162 113
4162 5871
4162 5910
4162 5911
4162 5912
4162 5913
4162 5914
4162 5915
4162 5916
4162 5917
5918 1059
5594 120
5594 5587
5594 254
5594 255
5594 256
5594 5780
5594 113
5594 5721
5594 5919
5594 5920
5921 5922
5923 113
5924 120
5925 120
5926 255
4163 256
4163 5761
4163 113
4163 4162
4163 5927
4163 5928
4163 5929
4163 5930
5931 1059
5932 120
786 5603
786 5587
786 255
786 113
786 3070
786 5906
786 5933
786 5934
786 5935
5936 5937
5936 5938
5939 255
5731 113
5731 5940
5941 255
5732 3070
5942 5943
5944 62
1168 120
1168 5587
1168 255
1168 256
1168 113
1168 1167
1168 5902
1168 5945
1168 5946
1168 5947
5948 113
3071 5949
3071 3070
3071 5950
5951 5952
5951 5953
5954 5722
5734 5951
5734 5955
5734 5956
5957 5958
5959 113
5960 255
5735 5886
5735 4162
5735 5961
5735 5962
5735 5963
5964 255
5752 113
5752 4162
5752 5735
5752 5965
5966 5727
5967 5587
5968 5689
5969 5970
5971 5715
5797 5972
5973 113
5974 120
1169 5975
5976 365
5578 5681
5578 255
5578 256
5578 5715
5578 113
5578 5577
5578 5977
5578 5978
5578 5979
5980 113
5980 1167
5981 5982
5983 5984
5985 145
259 181
259 182
259 62
259 193
259 198
259 202
259 207
259 210
259 211
259 65
259 66
259 215
259 221
259 228
259 160
259 235
259 241
259 244
259 245
259 69
259 120
259 5603
259 5587
259 5699
259 2460
259 256
259 257
259 5777
259 935
259 5612
259 4976
259 5715
259 113
259 5615
259 5577
259 5721
259 5722
259 5689
259 5726
259 5592
259 5858
259 4162
259 5594
259 5986
259 786
259 5732
259 1168
259 5951
259 5734
259 5772
259 5735
259 5578
259 5987
259 5988
259 5989
259 5990
259 5991
259 5992
259 5993
259 5994
259 5995
259 5996
259 5997
259 5998
5999 120
5626 5667
5626 255
5626 256
5626 113
5626 5592
5626 4162
5626 259
5626 6000
6001 4162
6002 365
6003 120
5627 5587
5627 255
5627 256
5627 4162
5627 259
5627 5626
5627 6004
6005 145
260 177
260 181
260 182
260 62
260 188
260 193
260 199
260 200
260 437
260 215
260 160
260 743
260 239
260 241
260 245
260 5583
260 1059
260 120
260 5603
260 5587
260 6006
260 254
260 5694
260 255
260 256
260 257
260 935
260 5612
260 5613
260 113
260 5615
260 1167
260 3070
260 6007
260 4162
260 786
260 1168
260 259
260 5627
260 6008
260 6009
6010 5808
6011 5715
6012 120
6013 120
6014 255
5741 5578
6015 120
5630 113
5630 260
6016 255
5631 113
5631 5592
5631 786
6017 113
6018 5587
6019 120
5632 255
5632 113
5632 1167
5632 1168
5632 259
5632 260
6020 113
5844 6021
6022 120
5596 5683
5596 254
5596 255
5596 256
5596 5734
5596 5772
5596 5735
5596 259
5596 260
6023 5605
6023 5631
6024 1059
261 120
261 5587
261 255
261 256
261 113
261 5615
261 4162
261 259
261 260
6025 120
6026 5734
5745 5772
5745 5735
5745 259
6027 255
5746 5578
6028 6029
6028 6030
6028 6031
6028 6032
6033 145
2306 6028
2306 6034
2306 6035
2306 6036
2306 6037
6038 6039
6040 145
262 160
262 6028
262 2306
262 6041
262 6042
6043 6044
6045 160
3954 6046
3954 6047
3954 6048
6049 6050
6051 6052
6053 145
263 147
263 177
263 181
263 182
263 184
263 185
263 186
263 62
263 193
263 197
263 198
263 201
263 202
263 203
263 205
263 214
263 2283
263 2299
263 2324
263 215
263 160
263 248
263 250
263 251
263 255
263 113
263 259
263 6028
263 2306
263 6038
263 6043
263 3954
263 6054
263 6055
263 6056
263 6057
263 6058
263 6059
263 6060
263 6061
6062 263
6063 263
6064 145
264 181
264 182
264 62
264 193
264 214
264 160
264 113
264 2306
264 262
264 3954
264 6049
264 263
264 6065
264 6066
264 6067
264 6068
264 6069
6070 160
793 3954
793 263
793 264
6071 145
265 160
265 6028
265 264
265 793
6072 3268
6073 6074
6075 223
3334 6076
3334 6077
3334 6078
6079 3334
6080 3334
6081 3315
6082 437
6082 703
6082 239
6082 6083
6082 6084
6082 6085
6082 6086
6082 6087
6082 6088
6082 6089
6090 6091
6092 181
795 62
795 188
795 437
795 215
795 700
795 703
795 704
795 67
795 239
795 754
795 260
795 6082
795 6093
795 6094
795 6095
795 6096
795 6097
795 6098
6099 6100
6101 6102
6101 6103
6104 6105
6104 6106
6107 6090
6091 6108
6091 6099
6091 6109
6091 6110
6091 6111
6112 6113
6114 6115
6116 754
796 241
796 6082
796 6117
796 6118
796 6119
796 6120
796 6121
796 6122
796 6123
6124 6125
6126 6127
6128 6129
6128 6130
6131 145
121 147
121 177
121 181
121 182
121 62
121 188
121 193
121 198
121 202
121 203
121 437
121 94
121 207
121 660
121 661
121 662
121 208
121 209
121 210
121 211
121 1632
121 63
121 64
121 65
121 66
121 215
121 700
121 701
121 1596
121 1767
121 223
121 709
121 226
121 160
121 235
121 239
121 750
121 751
121 754
121 241
121 243
121 771
121 5174
121 774
121 2189
121 69
121 120
121 254
121 255
121 113
121 259
121 260
121 6082
121 795
121 6132
121 796
121 6126
121 6133
121 6134
121 6135
121 6136
121 6137
121 6138
121 6139
121 6140
121 6141
121 6142
121 6143
121 6144
6145 6146
6147 6124
6125 6148
6125 6149
6125 6150
6125 6151
6125 6152
6153 6154
6155 6156
6157 6112
6158 6082
6159 6160
6161 181
798 65
798 66
798 703
798 239
798 754
798 241
798 6082
798 795
798 796
798 6128
798 121
798 6155
798 6159
798 6162
798 6163
798 6164
798 6165
798 6166
798 6167
798 6168
798 6169
798 6170
798 6171
798 6172
798 6173
798 6174
6175 4635
4711 6176
4711 6177
6178 121
6135 798
6179 798
6180 6181
6182 6125
6183 798
6184 241
6119 795
6119 121
6119 798
6185 6082
6186 798
6187 6188
6189 6190
6191 6192
6193 6091
6194 798
6169 6195
6196 62
800 202
800 437
800 919
800 6082
800 795
800 798
800 6119
800 6197
800 6198
800 6199
800 6200
800 6201
800 6202
6203 6204
6111 6145
6111 798
6111 6205
6206 121
6120 798
6120 6191
6120 6207
6208 6209
6210 5445
6211 6125
6149 6120
6212 6213
6214 121
6139 798
6215 6216
6217 6125
6218 5445
5561 6212
6219 5560
6220 145
801 62
801 1096
801 1099
801 660
801 3
801 209
801 65
801 215
801 217
801 700
801 703
801 704
801 4587
801 4589
801 754
801 919
801 241
801 5361
801 69
801 796
801 121
801 798
801 6119
801 800
6221 796
6222 704
4337 121
4337 798
6223 121
4585 798
6224 62
802 1096
802 207
802 1099
802 660
802 3
802 661
802 63
802 217
802 700
802 703
802 704
802 1767
802 67
802 4587
802 919
802 241
802 771
802 5361
802 69
802 259
802 6082
802 796
802 121
802 798
802 6135
802 6119
802 800
802 6111
802 6120
802 6225
6226 6227
6228 2315
6229 6230
803 6231
803 6232
803 6233
803 6234
803 6235
803 6236
803 6237
6238 6239
6238 6240
6238 6241
6242 6243
6244 145
267 184
267 160
267 246
267 250
267 251
267 6245
267 6246
267 6247
267 6248
267 6249
267 6250
267 6251
267 6252
267 6253
6254 250
5152 267
5152 6255
6256 6257
6258 803
6231 6259
6231 6260
6261 6262
6227 6263
6264 6265
6264 6266
6264 6267
6264 6268
6264 6269
6270 62
1181 6271
1181 6272
1181 6273
6274 6242
6274 6275
6274 6276
6277 145
268 147
268 164
268 177
268 178
268 181
268 408
268 182
268 184
268 185
268 186
268 62
268 188
268 191
268 192
268 193
268 194
268 195
268 196
268 198
268 199
268 200
268 201
268 202
268 203
268 437
268 207
268 209
268 211
268 64
268 65
268 214
268 679
268 215
268 216
268 223
268 709
268 227
268 228
268 3886
268 3884
268 160
268 234
268 235
268 743
268 239
268 763
268 247
268 248
268 249
268 120
268 255
268 113
268 259
268 260
268 263
268 264
268 121
268 803
268 6238
268 6242
268 267
268 6227
268 6264
268 1181
268 6274
268 6278
268 6279
268 6280
268 6281
268 6282
268 6283
268 6284
268 6285
268 6286
268 6287
268 6288
268 6289
268 6290
268 6291
268 6292
268 6293
268 6294
6295 145
456 62
456 802
456 267
456 6274
456 268
456 6296
456 6297
456 6298
456 6299
456 6300
456 6301
6302 268
6279 6303
6304 268
6280 6305
6280 6306
6307 6308
6309 268
6266 456
6266 6310
6266 6311
6312 268
6257 6313
6314 6315
6316 145
269 147
269 181
269 182
269 184
269 185
269 186
269 62
269 202
269 2078
269 693
269 160
269 750
269 250
269 251
269 1059
269 120
269 257
269 121
269 6242
269 267
269 6264
269 268
269 456
269 6279
269 6280
269 6266
269 6317
269 6318
269 6319
269 6320
269 6321
269 6322
269 6323
6324 268
6325 1181
6272 268
6272 269
6326 267
6327 145
270 147
270 181
270 182
270 184
270 62
270 160
270 6238
270 267
270 6227
270 268
270 6279
270 6257
270 269
270 6328
270 6329
270 6330
270 6331
6332 145
271 147
271 181
271 62
271 214
271 6333
271 679
271 160
271 250
271 251
271 803
271 267
271 6227
271 268
271 456
271 6307
271 6314
271 269
271 270
271 6334
271 6335
271 6336
271 6337
271 6338
6339 271
6340 145
810 62
810 250
810 267
810 6264
810 268
810 6266
810 269
810 270
810 6341
6342 5148
5158 803
5158 268
5158 271
6343 145
811 268
811 269
811 270
6344 2287
6236 268
6236 269
6236 270
6236 271
6345 181
812 250
812 803
812 267
812 6227
812 268
812 269
812 270
812 271
812 811
812 6236
6346 3258
3260 6125
6347 6348
6349 6350
6351 243
4900 2953
4900 6352
4900 6353
4900 6354
6355 6356
6357 4797
4893 6349
6358 6359
6358 6360
6358 6361
6362 6363
6364 6347
6348 4900
6348 6355
6348 6362
6348 6365
6348 6366
6367 6347
6368 6369
6370 6358
6371 6372
6373 6105
6374 3154
6375 2991
6376 771
5191 6348
6377 4770
4772 6371
4772 5191
6378 4900
6353 6348
6379 4900
6380 4971
4972 6381
6382 228
2475 6383
2475 6384
2475 6385
2475 6386
2475 6387
2475 6388
2475 6389
2475 6390
2475 6391
6392 6393
6394 6395
6394 6396
6397 6398
6397 6399
6397 6400
6397 6401
6402 145
813 147
813 181
813 62
813 215
813 216
813 228
813 229
813 239
813 268
813 2475
813 6397
813 6403
813 6404
813 6405
813 6406
813 6407
813 6408
813 6409
813 6410
813 6411
813 6412
813 6413
813 6414
6415 6397
6399 813
6399 6416
6399 6417
6399 6418
6399 6419
6399 6420
6399 6421
6422 2475
6423 3553
6424 228
6424 6392
6425 228
3628 229
3628 6392
3628 813
6426 813
6416 6399
6416 6427
6416 6428
6416 6429
6430 813
6405 6431
6432 813
6406 6433
6434 6405
6435 813
6407 6399
6407 6436
6407 6437
6438 6439
6440 215
2477 217
2477 813
2477 6441
6442 2475
6443 228
6408 813
6408 6444
6408 6445
6408 6446
6447 6448
6449 6450
6451 2475
6386 813
6386 6452
6453 6394
6395 813
6395 3628
6395 6449
6395 6454
6395 6455
6395 6456
6457 2475
6458 145
272 147
272 181
272 62
272 65
272 215
272 216
272 217
272 228
272 229
272 160
272 5493
272 113
272 268
272 813
272 6399
272 6416
272 6407
272 6408
272 6386
272 6395
272 6459
272 6460
272 6461
272 6462
272 6463
272 6464
272 6465
272 6466
6467 6408
6468 2475
6469 6470
6471 228
2479 2475
2479 813
2479 272
6472 813
6472 6473
6472 6474
6475 6476
6477 6478
3661 6479
6480 6395
6455 6481
6482 145
2480 215
2480 217
2480 813
2480 6399
2480 6483
6484 2376
2481 813
2481 6406
2481 6407
2481 272
2481 6485
2481 6486
6487 2420
3596 3595
3596 3661
6488 6397
6489 2475
6390 6395
6490 813
6428 6416
6428 272
6428 6491
6428 6492
6493 3628
6494 6408
6495 6469
6496 813
2482 272
2482 2480
2482 2481
6497 6498
6499 813
6419 6399
6419 6416
6419 272
6419 6472
6419 6428
6419 6500
6419 6501
6502 145
2483 215
2483 228
2483 813
2483 6399
2483 6408
2483 6472
2483 6455
2483 6419
2483 6503
6504 2475
2484 813
2484 6399
2484 272
2484 2480
2484 2483
2484 6505
6506 6394
6396 813
6396 6395
6396 6455
6507 204
6508 6507
6509 6510
6511 6512
6513 202
1440 204
1440 206
6514 6507
6510 6511
6510 1440
6515 6516
